0, 5
0.001, 5.00132
0.002, 5.00262
0.003, 5.00391
0.004, 5.00519
0.005, 5.00646
0.006, 5.00772
0.007, 5.00897
0.008, 5.0102
0.009, 5.01142
0.01, 5.01263
0.011, 5.01383
0.012, 5.01502
0.013, 5.0162
0.014, 5.01737
0.015, 5.01852
0.016, 5.01967
0.017, 5.0208
0.018, 5.02192
0.019, 5.02304
0.02, 5.02414
0.021, 5.02523
0.022, 5.02631
0.023, 5.02738
0.024, 5.02844
0.025, 5.02949
0.026, 5.03053
0.027, 5.03156
0.028, 5.03257
0.029, 5.03358
0.03, 5.03458
0.031, 5.03557
0.032, 5.03655
0.033, 5.03751
0.034, 5.03847
0.035, 5.03942
0.036, 5.04036
0.037, 5.04129
0.038, 5.04221
0.039, 5.04312
0.04, 5.04402
0.041, 5.04491
0.042, 5.04579
0.043, 5.04666
0.044, 5.04753
0.045, 5.04838
0.046, 5.04922
0.047, 5.05006
0.048, 5.05088
0.049, 5.0517
0.05, 5.05251
0.051, 5.05331
0.052, 5.0541
0.053, 5.05488
0.054, 5.05565
0.055, 5.05642
0.056, 5.05717
0.057, 5.05792
0.058, 5.05866
0.059, 5.05939
0.06, 5.06011
0.061, 5.06082
0.062, 5.06153
0.063, 5.06222
0.064, 5.06291
0.065, 5.06359
0.066, 5.06426
0.067, 5.06492
0.068, 5.06558
0.069, 5.06622
0.07, 5.06686
0.071, 5.06749
0.072, 5.06812
0.073, 5.06873
0.074, 5.06934
0.075, 5.06994
0.076, 5.07053
0.077, 5.07111
0.078, 5.07169
0.079, 5.07225
0.08, 5.07282
0.081, 5.07337
0.082, 5.07391
0.083, 5.07445
0.084, 5.07498
0.085, 5.07551
0.086, 5.07602
0.087, 5.07653
0.088, 5.07703
0.089, 5.07752
0.09, 5.07801
0.091, 5.07849
0.092, 5.07896
0.093, 5.07943
0.094, 5.07989
0.095, 5.08034
0.096, 5.08078
0.097, 5.08122
0.098, 5.08165
0.099, 5.08207
0.1, 5.08249
0.101, 5.0829
0.102, 5.0833
0.103, 5.0837
0.104, 5.08408
0.105, 5.08447
0.106, 5.08484
0.107, 5.08521
0.108, 5.08558
0.109, 5.08593
0.11, 5.08628
0.111, 5.08662
0.112, 5.08696
0.113, 5.08729
0.114, 5.08762
0.115, 5.08793
0.116, 5.08824
0.117, 5.08855
0.118, 5.08885
0.119, 5.08914
0.12, 5.08943
0.121, 5.08971
0.122, 5.08998
0.123, 5.09025
0.124, 5.09051
0.125, 5.09077
0.126, 5.09102
0.127, 5.09126
0.128, 5.0915
0.129, 5.09173
0.13, 5.09196
0.131, 5.09218
0.132, 5.09239
0.133, 5.0926
0.134, 5.0928
0.135, 5.093
0.136, 5.09319
0.137, 5.09338
0.138, 5.09356
0.139, 5.09373
0.14, 5.0939
0.141, 5.09406
0.142, 5.09422
0.143, 5.09437
0.144, 5.09452
0.145, 5.09466
0.146, 5.0948
0.147, 5.09493
0.148, 5.09505
0.149, 5.09517
0.15, 5.09529
0.151, 5.0954
0.152, 5.0955
0.153, 5.0956
0.154, 5.09569
0.155, 5.09578
0.156, 5.09586
0.157, 5.09594
0.158, 5.09601
0.159, 5.09608
0.16, 5.09614
0.161, 5.0962
0.162, 5.09625
0.163, 5.0963
0.164, 5.09634
0.165, 5.09638
0.166, 5.09641
0.167, 5.09644
0.168, 5.09646
0.169, 5.09648
0.17, 5.09649
0.171, 5.0965
0.172, 5.0965
0.173, 5.0965
0.174, 5.09649
0.175, 5.09648
0.176, 5.09647
0.177, 5.09645
0.178, 5.09642
0.179, 5.09639
0.18, 5.09636
0.181, 5.09632
0.182, 5.09627
0.183, 5.09623
0.184, 5.09617
0.185, 5.09612
0.186, 5.09605
0.187, 5.09599
0.188, 5.09592
0.189, 5.09584
0.19, 5.09576
0.191, 5.09568
0.192, 5.09559
0.193, 5.0955
0.194, 5.0954
0.195, 5.0953
0.196, 5.09519
0.197, 5.09508
0.198, 5.09497
0.199, 5.09485
0.2, 5.09473
0.201, 5.0946
0.202, 5.09447
0.203, 5.09433
0.204, 5.09419
0.205, 5.09405
0.206, 5.0939
0.207, 5.09375
0.208, 5.09359
0.209, 5.09343
0.21, 5.09327
0.211, 5.0931
0.212, 5.09293
0.213, 5.09275
0.214, 5.09257
0.215, 5.09239
0.216, 5.0922
0.217, 5.09201
0.218, 5.09181
0.219, 5.09162
0.22, 5.09141
0.221, 5.0912
0.222, 5.09099
0.223, 5.09078
0.224, 5.09056
0.225, 5.09034
0.226, 5.09011
0.227, 5.08988
0.228, 5.08965
0.229, 5.08941
0.23, 5.08917
0.231, 5.08892
0.232, 5.08868
0.233, 5.08842
0.234, 5.08817
0.235, 5.08791
0.236, 5.08765
0.237, 5.08738
0.238, 5.08711
0.239, 5.08684
0.24, 5.08656
0.241, 5.08628
0.242, 5.08599
0.243, 5.08571
0.244, 5.08542
0.245, 5.08512
0.246, 5.08482
0.247, 5.08452
0.248, 5.08422
0.249, 5.08391
0.25, 5.0836
0.251, 5.08328
0.252, 5.08296
0.253, 5.08264
0.254, 5.08232
0.255, 5.08199
0.256, 5.08166
0.257, 5.08132
0.258, 5.08098
0.259, 5.08064
0.26, 5.0803
0.261, 5.07995
0.262, 5.0796
0.263, 5.07924
0.264, 5.07889
0.265, 5.07852
0.266, 5.07816
0.267, 5.07779
0.268, 5.07742
0.269, 5.07705
0.27, 5.07667
0.271, 5.07629
0.272, 5.07591
0.273, 5.07553
0.274, 5.07514
0.275, 5.07475
0.276, 5.07435
0.277, 5.07395
0.278, 5.07355
0.279, 5.07315
0.28, 5.07274
0.281, 5.07233
0.282, 5.07192
0.283, 5.0715
0.284, 5.07109
0.285, 5.07066
0.286, 5.07024
0.287, 5.06981
0.288, 5.06938
0.289, 5.06895
0.29, 5.06851
0.291, 5.06807
0.292, 5.06763
0.293, 5.06719
0.294, 5.06674
0.295, 5.06629
0.296, 5.06584
0.297, 5.06538
0.298, 5.06492
0.299, 5.06446
0.3, 5.064
0.301, 5.06353
0.302, 5.06306
0.303, 5.06259
0.304, 5.06212
0.305, 5.06164
0.306, 5.06116
0.307, 5.06068
0.308, 5.06019
0.309, 5.0597
0.31, 5.05921
0.311, 5.05872
0.312, 5.05822
0.313, 5.05773
0.314, 5.05722
0.315, 5.05672
0.316, 5.05621
0.317, 5.05571
0.318, 5.05519
0.319, 5.05468
0.32, 5.05416
0.321, 5.05365
0.322, 5.05312
0.323, 5.0526
0.324, 5.05207
0.325, 5.05155
0.326, 5.05101
0.327, 5.05048
0.328, 5.04994
0.329, 5.04941
0.33, 5.04887
0.331, 5.04832
0.332, 5.04778
0.333, 5.04723
0.334, 5.04668
0.335, 5.04612
0.336, 5.04557
0.337, 5.04501
0.338, 5.04445
0.339, 5.04389
0.34, 5.04332
0.341, 5.04276
0.342, 5.04219
0.343, 5.04162
0.344, 5.04104
0.345, 5.04047
0.346, 5.03989
0.347, 5.03931
0.348, 5.03872
0.349, 5.03814
0.35, 5.03755
0.351, 5.03696
0.352, 5.03637
0.353, 5.03578
0.354, 5.03518
0.355, 5.03458
0.356, 5.03398
0.357, 5.03338
0.358, 5.03277
0.359, 5.03216
0.36, 5.03155
0.361, 5.03094
0.362, 5.03033
0.363, 5.02971
0.364, 5.0291
0.365, 5.02848
0.366, 5.02785
0.367, 5.02723
0.368, 5.0266
0.369, 5.02598
0.37, 5.02535
0.371, 5.02471
0.372, 5.02408
0.373, 5.02344
0.374, 5.0228
0.375, 5.02216
0.376, 5.02152
0.377, 5.02088
0.378, 5.02023
0.379, 5.01958
0.38, 5.01893
0.381, 5.01828
0.382, 5.01762
0.383, 5.01697
0.384, 5.01631
0.385, 5.01565
0.386, 5.01498
0.387, 5.01432
0.388, 5.01365
0.389, 5.01299
0.39, 5.01232
0.391, 5.01164
0.392, 5.01097
0.393, 5.01029
0.394, 5.00962
0.395, 5.00894
0.396, 5.00826
0.397, 5.00757
0.398, 5.00689
0.399, 5.0062
0.4, 5.00551
0.401, 5.00482
0.402, 5.00413
0.403, 5.00344
0.404, 5.00274
0.405, 5.00204
0.406, 5.00134
0.407, 5.00064
0.408, 4.99994
0.409, 4.99923
0.41, 4.99853
0.411, 4.99782
0.412, 4.99711
0.413, 4.9964
0.414, 4.99568
0.415, 4.99497
0.416, 4.99425
0.417, 4.99353
0.418, 4.99281
0.419, 4.99209
0.42, 4.99136
0.421, 4.99064
0.422, 4.98991
0.423, 4.98918
0.424, 4.98845
0.425, 4.98772
0.426, 4.98699
0.427, 4.98625
0.428, 4.98551
0.429, 4.98477
0.43, 4.98403
0.431, 4.98329
0.432, 4.98255
0.433, 4.9818
0.434, 4.98106
0.435, 4.98031
0.436, 4.97956
0.437, 4.97881
0.438, 4.97805
0.439, 4.9773
0.44, 4.97654
0.441, 4.97578
0.442, 4.97502
0.443, 4.97426
0.444, 4.9735
0.445, 4.97273
0.446, 4.97197
0.447, 4.9712
0.448, 4.97043
0.449, 4.96966
0.45, 4.96889
0.451, 4.96812
0.452, 4.96734
0.453, 4.96657
0.454, 4.96579
0.455, 4.96501
0.456, 4.96423
0.457, 4.96345
0.458, 4.96266
0.459, 4.96188
0.46, 4.96109
0.461, 4.9603
0.462, 4.95951
0.463, 4.95872
0.464, 4.95793
0.465, 4.95713
0.466, 4.95634
0.467, 4.95554
0.468, 4.95474
0.469, 4.95394
0.47, 4.95314
0.471, 4.95234
0.472, 4.95154
0.473, 4.95073
0.474, 4.94993
0.475, 4.94912
0.476, 4.94831
0.477, 4.9475
0.478, 4.94669
0.479, 4.94587
0.48, 4.94506
0.481, 4.94424
0.482, 4.94343
0.483, 4.94261
0.484, 4.94179
0.485, 4.94097
0.486, 4.94014
0.487, 4.93932
0.488, 4.93849
0.489, 4.93767
0.49, 4.93684
0.491, 4.93601
0.492, 4.93518
0.493, 4.93435
0.494, 4.93352
0.495, 4.93268
0.496, 4.93185
0.497, 4.93101
0.498, 4.93017
0.499, 4.92933
0.5, 4.92849
0.501, 4.92765
0.502, 4.92681
0.503, 4.92596
0.504, 4.92512
0.505, 4.92427
0.506, 4.92342
0.507, 4.92257
0.508, 4.92172
0.509, 4.92087
0.51, 4.92002
0.511, 4.91917
0.512, 4.91831
0.513, 4.91745
0.514, 4.9166
0.515, 4.91574
0.516, 4.91488
0.517, 4.91402
0.518, 4.91316
0.519, 4.91229
0.52, 4.91143
0.521, 4.91056
0.522, 4.9097
0.523, 4.90883
0.524, 4.90796
0.525, 4.90709
0.526, 4.90622
0.527, 4.90534
0.528, 4.90447
0.529, 4.9036
0.53, 4.90272
0.531, 4.90184
0.532, 4.90097
0.533, 4.90009
0.534, 4.89921
0.535, 4.89833
0.536, 4.89744
0.537, 4.89656
0.538, 4.89568
0.539, 4.89479
0.54, 4.8939
0.541, 4.89302
0.542, 4.89213
0.543, 4.89124
0.544, 4.89035
0.545, 4.88945
0.546, 4.88856
0.547, 4.88767
0.548, 4.88677
0.549, 4.88588
0.55, 4.88498
0.551, 4.88408
0.552, 4.88318
0.553, 4.88228
0.554, 4.88138
0.555, 4.88048
0.556, 4.87957
0.557, 4.87867
0.558, 4.87777
0.559, 4.87686
0.56, 4.87595
0.561, 4.87504
0.562, 4.87413
0.563, 4.87322
0.564, 4.87231
0.565, 4.8714
0.566, 4.87049
0.567, 4.86957
0.568, 4.86866
0.569, 4.86774
0.57, 4.86683
0.571, 4.86591
0.572, 4.86499
0.573, 4.86407
0.574, 4.86315
0.575, 4.86223
0.576, 4.86131
0.577, 4.86038
0.578, 4.85946
0.579, 4.85853
0.58, 4.85761
0.581, 4.85668
0.582, 4.85575
0.583, 4.85482
0.584, 4.85389
0.585, 4.85296
0.586, 4.85203
0.587, 4.8511
0.588, 4.85016
0.589, 4.84923
0.59, 4.84829
0.591, 4.84736
0.592, 4.84642
0.593, 4.84548
0.594, 4.84454
0.595, 4.84361
0.596, 4.84266
0.597, 4.84172
0.598, 4.84078
0.599, 4.83984
0.6, 4.83889
0.601, 4.83795
0.602, 4.837
0.603, 4.83606
0.604, 4.83511
0.605, 4.83416
0.606, 4.83321
0.607, 4.83226
0.608, 4.83131
0.609, 4.83036
0.61, 4.82941
0.611, 4.82846
0.612, 4.8275
0.613, 4.82655
0.614, 4.82559
0.615, 4.82464
0.616, 4.82368
0.617, 4.82272
0.618, 4.82176
0.619, 4.82081
0.62, 4.81985
0.621, 4.81888
0.622, 4.81792
0.623, 4.81696
0.624, 4.816
0.625, 4.81503
0.626, 4.81407
0.627, 4.8131
0.628, 4.81214
0.629, 4.81117
0.63, 4.8102
0.631, 4.80923
0.632, 4.80826
0.633, 4.80729
0.634, 4.80632
0.635, 4.80535
0.636, 4.80438
0.637, 4.80341
0.638, 4.80243
0.639, 4.80146
0.64, 4.80048
0.641, 4.79951
0.642, 4.79853
0.643, 4.79755
0.644, 4.79658
0.645, 4.7956
0.646, 4.79462
0.647, 4.79364
0.648, 4.79266
0.649, 4.79168
0.65, 4.79069
0.651, 4.78971
0.652, 4.78873
0.653, 4.78774
0.654, 4.78676
0.655, 4.78577
0.656, 4.78479
0.657, 4.7838
0.658, 4.78281
0.659, 4.78182
0.66, 4.78083
0.661, 4.77984
0.662, 4.77885
0.663, 4.77786
0.664, 4.77687
0.665, 4.77588
0.666, 4.77489
0.667, 4.77389
0.668, 4.7729
0.669, 4.7719
0.67, 4.77091
0.671, 4.76991
0.672, 4.76891
0.673, 4.76792
0.674, 4.76692
0.675, 4.76592
0.676, 4.76492
0.677, 4.76392
0.678, 4.76292
0.679, 4.76192
0.68, 4.76092
0.681, 4.75991
0.682, 4.75891
0.683, 4.75791
0.684, 4.7569
0.685, 4.7559
0.686, 4.75489
0.687, 4.75389
0.688, 4.75288
0.689, 4.75187
0.69, 4.75086
0.691, 4.74986
0.692, 4.74885
0.693, 4.74784
0.694, 4.74683
0.695, 4.74582
0.696, 4.74481
0.697, 4.74379
0.698, 4.74278
0.699, 4.74177
0.7, 4.74075
0.701, 4.73974
0.702, 4.73872
0.703, 4.73771
0.704, 4.73669
0.705, 4.73568
0.706, 4.73466
0.707, 4.73364
0.708, 4.73262
0.709, 4.73161
0.71, 4.73059
0.711, 4.72957
0.712, 4.72855
0.713, 4.72753
0.714, 4.7265
0.715, 4.72548
0.716, 4.72446
0.717, 4.72344
0.718, 4.72241
0.719, 4.72139
0.72, 4.72037
0.721, 4.71934
0.722, 4.71831
0.723, 4.71729
0.724, 4.71626
0.725, 4.71524
0.726, 4.71421
0.727, 4.71318
0.728, 4.71215
0.729, 4.71112
0.73, 4.71009
0.731, 4.70906
0.732, 4.70803
0.733, 4.707
0.734, 4.70597
0.735, 4.70494
0.736, 4.7039
0.737, 4.70287
0.738, 4.70184
0.739, 4.7008
0.74, 4.69977
0.741, 4.69873
0.742, 4.6977
0.743, 4.69666
0.744, 4.69563
0.745, 4.69459
0.746, 4.69355
0.747, 4.69251
0.748, 4.69148
0.749, 4.69044
0.75, 4.6894
0.751, 4.68836
0.752, 4.68732
0.753, 4.68628
0.754, 4.68524
0.755, 4.6842
0.756, 4.68315
0.757, 4.68211
0.758, 4.68107
0.759, 4.68003
0.76, 4.67898
0.761, 4.67794
0.762, 4.67689
0.763, 4.67585
0.764, 4.6748
0.765, 4.67376
0.766, 4.67271
0.767, 4.67166
0.768, 4.67062
0.769, 4.66957
0.77, 4.66852
0.771, 4.66747
0.772, 4.66643
0.773, 4.66538
0.774, 4.66433
0.775, 4.66328
0.776, 4.66223
0.777, 4.66118
0.778, 4.66012
0.779, 4.65907
0.78, 4.65802
0.781, 4.65697
0.782, 4.65592
0.783, 4.65486
0.784, 4.65381
0.785, 4.65276
0.786, 4.6517
0.787, 4.65065
0.788, 4.64959
0.789, 4.64854
0.79, 4.64748
0.791, 4.64642
0.792, 4.64537
0.793, 4.64431
0.794, 4.64325
0.795, 4.64219
0.796, 4.64114
0.797, 4.64008
0.798, 4.63902
0.799, 4.63796
0.8, 4.6369
0.801, 4.63584
0.802, 4.63478
0.803, 4.63372
0.804, 4.63266
0.805, 4.6316
0.806, 4.63053
0.807, 4.62947
0.808, 4.62841
0.809, 4.62735
0.81, 4.62628
0.811, 4.62522
0.812, 4.62416
0.813, 4.62309
0.814, 4.62203
0.815, 4.62096
0.816, 4.6199
0.817, 4.61883
0.818, 4.61777
0.819, 4.6167
0.82, 4.61563
0.821, 4.61457
0.822, 4.6135
0.823, 4.61243
0.824, 4.61136
0.825, 4.6103
0.826, 4.60923
0.827, 4.60816
0.828, 4.60709
0.829, 4.60602
0.83, 4.60495
0.831, 4.60388
0.832, 4.60281
0.833, 4.60174
0.834, 4.60067
0.835, 4.5996
0.836, 4.59853
0.837, 4.59745
0.838, 4.59638
0.839, 4.59531
0.84, 4.59424
0.841, 4.59316
0.842, 4.59209
0.843, 4.59102
0.844, 4.58994
0.845, 4.58887
0.846, 4.58779
0.847, 4.58672
0.848, 4.58564
0.849, 4.58457
0.85, 4.58349
0.851, 4.58242
0.852, 4.58134
0.853, 4.58026
0.854, 4.57919
0.855, 4.57811
0.856, 4.57703
0.857, 4.57595
0.858, 4.57488
0.859, 4.5738
0.86, 4.57272
0.861, 4.57164
0.862, 4.57056
0.863, 4.56948
0.864, 4.5684
0.865, 4.56732
0.866, 4.56624
0.867, 4.56516
0.868, 4.56408
0.869, 4.563
0.87, 4.56192
0.871, 4.56084
0.872, 4.55976
0.873, 4.55867
0.874, 4.55759
0.875, 4.55651
0.876, 4.55543
0.877, 4.55435
0.878, 4.55326
0.879, 4.55218
0.88, 4.55109
0.881, 4.55001
0.882, 4.54893
0.883, 4.54784
0.884, 4.54676
0.885, 4.54567
0.886, 4.54459
0.887, 4.5435
0.888, 4.54242
0.889, 4.54133
0.89, 4.54025
0.891, 4.53916
0.892, 4.53807
0.893, 4.53699
0.894, 4.5359
0.895, 4.53481
0.896, 4.53373
0.897, 4.53264
0.898, 4.53155
0.899, 4.53046
0.9, 4.52937
0.901, 4.52829
0.902, 4.5272
0.903, 4.52611
0.904, 4.52502
0.905, 4.52393
0.906, 4.52284
0.907, 4.52175
0.908, 4.52066
0.909, 4.51957
0.91, 4.51848
0.911, 4.51739
0.912, 4.5163
0.913, 4.51521
0.914, 4.51412
0.915, 4.51303
0.916, 4.51194
0.917, 4.51084
0.918, 4.50975
0.919, 4.50866
0.92, 4.50757
0.921, 4.50648
0.922, 4.50538
0.923, 4.50429
0.924, 4.5032
0.925, 4.50211
0.926, 4.50101
0.927, 4.49992
0.928, 4.49882
0.929, 4.49773
0.93, 4.49664
0.931, 4.49554
0.932, 4.49445
0.933, 4.49335
0.934, 4.49226
0.935, 4.49116
0.936, 4.49007
0.937, 4.48897
0.938, 4.48788
0.939, 4.48678
0.94, 4.48569
0.941, 4.48459
0.942, 4.4835
0.943, 4.4824
0.944, 4.4813
0.945, 4.48021
0.946, 4.47911
0.947, 4.47801
0.948, 4.47692
0.949, 4.47582
0.95, 4.47472
0.951, 4.47362
0.952, 4.47253
0.953, 4.47143
0.954, 4.47033
0.955, 4.46923
0.956, 4.46813
0.957, 4.46704
0.958, 4.46594
0.959, 4.46484
0.96, 4.46374
0.961, 4.46264
0.962, 4.46154
0.963, 4.46044
0.964, 4.45934
0.965, 4.45824
0.966, 4.45714
0.967, 4.45604
0.968, 4.45494
0.969, 4.45384
0.97, 4.45274
0.971, 4.45164
0.972, 4.45054
0.973, 4.44944
0.974, 4.44834
0.975, 4.44724
0.976, 4.44614
0.977, 4.44504
0.978, 4.44394
0.979, 4.44284
0.98, 4.44174
0.981, 4.44063
0.982, 4.43953
0.983, 4.43843
0.984, 4.43733
0.985, 4.43623
0.986, 4.43512
0.987, 4.43402
0.988, 4.43292
0.989, 4.43182
0.99, 4.43071
0.991, 4.42961
0.992, 4.42851
0.993, 4.42741
0.994, 4.4263
0.995, 4.4252
0.996, 4.4241
0.997, 4.42299
0.998, 4.42189
0.999, 4.42079
1, 4.41968
1.001, 4.41858
1.002, 4.41747
1.003, 4.41637
1.004, 4.41527
1.005, 4.41416
1.006, 4.41306
1.007, 4.41195
1.008, 4.41085
1.009, 4.40974
1.01, 4.40864
1.011, 4.40753
1.012, 4.40643
1.013, 4.40532
1.014, 4.40422
1.015, 4.40311
1.016, 4.40201
1.017, 4.4009
1.018, 4.3998
1.019, 4.39869
1.02, 4.39759
1.021, 4.39648
1.022, 4.39538
1.023, 4.39427
1.024, 4.39316
1.025, 4.39206
1.026, 4.39095
1.027, 4.38985
1.028, 4.38874
1.029, 4.38763
1.03, 4.38653
1.031, 4.38542
1.032, 4.38431
1.033, 4.38321
1.034, 4.3821
1.035, 4.38099
1.036, 4.37989
1.037, 4.37878
1.038, 4.37767
1.039, 4.37657
1.04, 4.37546
1.041, 4.37435
1.042, 4.37325
1.043, 4.37214
1.044, 4.37103
1.045, 4.36992
1.046, 4.36882
1.047, 4.36771
1.048, 4.3666
1.049, 4.36549
1.05, 4.36439
1.051, 4.36328
1.052, 4.36217
1.053, 4.36106
1.054, 4.35995
1.055, 4.35885
1.056, 4.35774
1.057, 4.35663
1.058, 4.35552
1.059, 4.35441
1.06, 4.35331
1.061, 4.3522
1.062, 4.35109
1.063, 4.34998
1.064, 4.34887
1.065, 4.34776
1.066, 4.34666
1.067, 4.34555
1.068, 4.34444
1.069, 4.34333
1.07, 4.34222
1.071, 4.34111
1.072, 4.34
1.073, 4.3389
1.074, 4.33779
1.075, 4.33668
1.076, 4.33557
1.077, 4.33446
1.078, 4.33335
1.079, 4.33224
1.08, 4.33113
1.081, 4.33002
1.082, 4.32891
1.083, 4.32781
1.084, 4.3267
1.085, 4.32559
1.086, 4.32448
1.087, 4.32337
1.088, 4.32226
1.089, 4.32115
1.09, 4.32004
1.091, 4.31893
1.092, 4.31782
1.093, 4.31671
1.094, 4.3156
1.095, 4.31449
1.096, 4.31338
1.097, 4.31228
1.098, 4.31117
1.099, 4.31006
1.1, 4.30895
1.101, 4.30784
1.102, 4.30673
1.103, 4.30562
1.104, 4.30451
1.105, 4.3034
1.106, 4.30229
1.107, 4.30118
1.108, 4.30007
1.109, 4.29896
1.11, 4.29785
1.111, 4.29674
1.112, 4.29563
1.113, 4.29452
1.114, 4.29341
1.115, 4.2923
1.116, 4.29119
1.117, 4.29008
1.118, 4.28897
1.119, 4.28786
1.12, 4.28675
1.121, 4.28564
1.122, 4.28453
1.123, 4.28342
1.124, 4.28231
1.125, 4.28121
1.126, 4.2801
1.127, 4.27899
1.128, 4.27788
1.129, 4.27677
1.13, 4.27566
1.131, 4.27455
1.132, 4.27344
1.133, 4.27233
1.134, 4.27122
1.135, 4.27011
1.136, 4.269
1.137, 4.26789
1.138, 4.26678
1.139, 4.26567
1.14, 4.26456
1.141, 4.26345
1.142, 4.26234
1.143, 4.26123
1.144, 4.26012
1.145, 4.25901
1.146, 4.2579
1.147, 4.25679
1.148, 4.25568
1.149, 4.25457
1.15, 4.25346
1.151, 4.25235
1.152, 4.25124
1.153, 4.25014
1.154, 4.24903
1.155, 4.24792
1.156, 4.24681
1.157, 4.2457
1.158, 4.24459
1.159, 4.24348
1.16, 4.24237
1.161, 4.24126
1.162, 4.24015
1.163, 4.23904
1.164, 4.23793
1.165, 4.23682
1.166, 4.23571
1.167, 4.23461
1.168, 4.2335
1.169, 4.23239
1.17, 4.23128
1.171, 4.23017
1.172, 4.22906
1.173, 4.22795
1.174, 4.22684
1.175, 4.22573
1.176, 4.22462
1.177, 4.22352
1.178, 4.22241
1.179, 4.2213
1.18, 4.22019
1.181, 4.21908
1.182, 4.21797
1.183, 4.21686
1.184, 4.21575
1.185, 4.21465
1.186, 4.21354
1.187, 4.21243
1.188, 4.21132
1.189, 4.21021
1.19, 4.2091
1.191, 4.208
1.192, 4.20689
1.193, 4.20578
1.194, 4.20467
1.195, 4.20356
1.196, 4.20245
1.197, 4.20135
1.198, 4.20024
1.199, 4.19913
1.2, 4.19802
1.201, 4.19692
1.202, 4.19581
1.203, 4.1947
1.204, 4.19359
1.205, 4.19248
1.206, 4.19138
1.207, 4.19027
1.208, 4.18916
1.209, 4.18805
1.21, 4.18695
1.211, 4.18584
1.212, 4.18473
1.213, 4.18362
1.214, 4.18252
1.215, 4.18141
1.216, 4.1803
1.217, 4.1792
1.218, 4.17809
1.219, 4.17698
1.22, 4.17588
1.221, 4.17477
1.222, 4.17366
1.223, 4.17256
1.224, 4.17145
1.225, 4.17034
1.226, 4.16924
1.227, 4.16813
1.228, 4.16702
1.229, 4.16592
1.23, 4.16481
1.231, 4.1637
1.232, 4.1626
1.233, 4.16149
1.234, 4.16039
1.235, 4.15928
1.236, 4.15817
1.237, 4.15707
1.238, 4.15596
1.239, 4.15486
1.24, 4.15375
1.241, 4.15265
1.242, 4.15154
1.243, 4.15044
1.244, 4.14933
1.245, 4.14822
1.246, 4.14712
1.247, 4.14601
1.248, 4.14491
1.249, 4.1438
1.25, 4.1427
1.251, 4.14159
1.252, 4.14049
1.253, 4.13939
1.254, 4.13828
1.255, 4.13718
1.256, 4.13607
1.257, 4.13497
1.258, 4.13386
1.259, 4.13276
1.26, 4.13166
1.261, 4.13055
1.262, 4.12945
1.263, 4.12834
1.264, 4.12724
1.265, 4.12614
1.266, 4.12503
1.267, 4.12393
1.268, 4.12283
1.269, 4.12172
1.27, 4.12062
1.271, 4.11952
1.272, 4.11841
1.273, 4.11731
1.274, 4.11621
1.275, 4.1151
1.276, 4.114
1.277, 4.1129
1.278, 4.1118
1.279, 4.11069
1.28, 4.10959
1.281, 4.10849
1.282, 4.10739
1.283, 4.10628
1.284, 4.10518
1.285, 4.10408
1.286, 4.10298
1.287, 4.10188
1.288, 4.10077
1.289, 4.09967
1.29, 4.09857
1.291, 4.09747
1.292, 4.09637
1.293, 4.09527
1.294, 4.09417
1.295, 4.09306
1.296, 4.09196
1.297, 4.09086
1.298, 4.08976
1.299, 4.08866
1.3, 4.08756
1.301, 4.08646
1.302, 4.08536
1.303, 4.08426
1.304, 4.08316
1.305, 4.08206
1.306, 4.08096
1.307, 4.07986
1.308, 4.07876
1.309, 4.07766
1.31, 4.07656
1.311, 4.07546
1.312, 4.07436
1.313, 4.07326
1.314, 4.07216
1.315, 4.07106
1.316, 4.06996
1.317, 4.06887
1.318, 4.06777
1.319, 4.06667
1.32, 4.06557
1.321, 4.06447
1.322, 4.06337
1.323, 4.06227
1.324, 4.06118
1.325, 4.06008
1.326, 4.05898
1.327, 4.05788
1.328, 4.05678
1.329, 4.05569
1.33, 4.05459
1.331, 4.05349
1.332, 4.05239
1.333, 4.0513
1.334, 4.0502
1.335, 4.0491
1.336, 4.04801
1.337, 4.04691
1.338, 4.04581
1.339, 4.04472
1.34, 4.04362
1.341, 4.04252
1.342, 4.04143
1.343, 4.04033
1.344, 4.03924
1.345, 4.03814
1.346, 4.03704
1.347, 4.03595
1.348, 4.03485
1.349, 4.03376
1.35, 4.03266
1.351, 4.03157
1.352, 4.03047
1.353, 4.02938
1.354, 4.02828
1.355, 4.02719
1.356, 4.02609
1.357, 4.025
1.358, 4.0239
1.359, 4.02281
1.36, 4.02172
1.361, 4.02062
1.362, 4.01953
1.363, 4.01843
1.364, 4.01734
1.365, 4.01625
1.366, 4.01515
1.367, 4.01406
1.368, 4.01297
1.369, 4.01188
1.37, 4.01078
1.371, 4.00969
1.372, 4.0086
1.373, 4.0075
1.374, 4.00641
1.375, 4.00532
1.376, 4.00423
1.377, 4.00314
1.378, 4.00204
1.379, 4.00095
1.38, 3.99986
1.381, 3.99877
1.382, 3.99768
1.383, 3.99659
1.384, 3.9955
1.385, 3.9944
1.386, 3.99331
1.387, 3.99222
1.388, 3.99113
1.389, 3.99004
1.39, 3.98895
1.391, 3.98786
1.392, 3.98677
1.393, 3.98568
1.394, 3.98459
1.395, 3.9835
1.396, 3.98241
1.397, 3.98132
1.398, 3.98023
1.399, 3.97915
1.4, 3.97806
1.401, 3.97697
1.402, 3.97588
1.403, 3.97479
1.404, 3.9737
1.405, 3.97261
1.406, 3.97153
1.407, 3.97044
1.408, 3.96935
1.409, 3.96826
1.41, 3.96717
1.411, 3.96609
1.412, 3.965
1.413, 3.96391
1.414, 3.96283
1.415, 3.96174
1.416, 3.96065
1.417, 3.95957
1.418, 3.95848
1.419, 3.95739
1.42, 3.95631
1.421, 3.95522
1.422, 3.95413
1.423, 3.95305
1.424, 3.95196
1.425, 3.95088
1.426, 3.94979
1.427, 3.94871
1.428, 3.94762
1.429, 3.94654
1.43, 3.94545
1.431, 3.94437
1.432, 3.94328
1.433, 3.9422
1.434, 3.94111
1.435, 3.94003
1.436, 3.93895
1.437, 3.93786
1.438, 3.93678
1.439, 3.9357
1.44, 3.93461
1.441, 3.93353
1.442, 3.93245
1.443, 3.93136
1.444, 3.93028
1.445, 3.9292
1.446, 3.92812
1.447, 3.92703
1.448, 3.92595
1.449, 3.92487
1.45, 3.92379
1.451, 3.92271
1.452, 3.92162
1.453, 3.92054
1.454, 3.91946
1.455, 3.91838
1.456, 3.9173
1.457, 3.91622
1.458, 3.91514
1.459, 3.91406
1.46, 3.91298
1.461, 3.9119
1.462, 3.91082
1.463, 3.90974
1.464, 3.90866
1.465, 3.90758
1.466, 3.9065
1.467, 3.90542
1.468, 3.90434
1.469, 3.90326
1.47, 3.90218
1.471, 3.9011
1.472, 3.90003
1.473, 3.89895
1.474, 3.89787
1.475, 3.89679
1.476, 3.89571
1.477, 3.89464
1.478, 3.89356
1.479, 3.89248
1.48, 3.8914
1.481, 3.89033
1.482, 3.88925
1.483, 3.88817
1.484, 3.8871
1.485, 3.88602
1.486, 3.88494
1.487, 3.88387
1.488, 3.88279
1.489, 3.88172
1.49, 3.88064
1.491, 3.87957
1.492, 3.87849
1.493, 3.87742
1.494, 3.87634
1.495, 3.87527
1.496, 3.87419
1.497, 3.87312
1.498, 3.87204
1.499, 3.87097
1.5, 3.86989
1.501, 3.86882
1.502, 3.86775
1.503, 3.86667
1.504, 3.8656
1.505, 3.86453
1.506, 3.86345
1.507, 3.86238
1.508, 3.86131
1.509, 3.86024
1.51, 3.85916
1.511, 3.85809
1.512, 3.85702
1.513, 3.85595
1.514, 3.85488
1.515, 3.8538
1.516, 3.85273
1.517, 3.85166
1.518, 3.85059
1.519, 3.84952
1.52, 3.84845
1.521, 3.84738
1.522, 3.84631
1.523, 3.84524
1.524, 3.84417
1.525, 3.8431
1.526, 3.84203
1.527, 3.84096
1.528, 3.83989
1.529, 3.83882
1.53, 3.83775
1.531, 3.83668
1.532, 3.83562
1.533, 3.83455
1.534, 3.83348
1.535, 3.83241
1.536, 3.83134
1.537, 3.83027
1.538, 3.82921
1.539, 3.82814
1.54, 3.82707
1.541, 3.82601
1.542, 3.82494
1.543, 3.82387
1.544, 3.82281
1.545, 3.82174
1.546, 3.82067
1.547, 3.81961
1.548, 3.81854
1.549, 3.81748
1.55, 3.81641
1.551, 3.81534
1.552, 3.81428
1.553, 3.81321
1.554, 3.81215
1.555, 3.81109
1.556, 3.81002
1.557, 3.80896
1.558, 3.80789
1.559, 3.80683
1.56, 3.80576
1.561, 3.8047
1.562, 3.80364
1.563, 3.80257
1.564, 3.80151
1.565, 3.80045
1.566, 3.79939
1.567, 3.79832
1.568, 3.79726
1.569, 3.7962
1.57, 3.79514
1.571, 3.79408
1.572, 3.79301
1.573, 3.79195
1.574, 3.79089
1.575, 3.78983
1.576, 3.78877
1.577, 3.78771
1.578, 3.78665
1.579, 3.78559
1.58, 3.78453
1.581, 3.78347
1.582, 3.78241
1.583, 3.78135
1.584, 3.78029
1.585, 3.77923
1.586, 3.77817
1.587, 3.77711
1.588, 3.77605
1.589, 3.775
1.59, 3.77394
1.591, 3.77288
1.592, 3.77182
1.593, 3.77076
1.594, 3.76971
1.595, 3.76865
1.596, 3.76759
1.597, 3.76653
1.598, 3.76548
1.599, 3.76442
1.6, 3.76336
1.601, 3.76231
1.602, 3.76125
1.603, 3.7602
1.604, 3.75914
1.605, 3.75809
1.606, 3.75703
1.607, 3.75597
1.608, 3.75492
1.609, 3.75386
1.61, 3.75281
1.611, 3.75176
1.612, 3.7507
1.613, 3.74965
1.614, 3.74859
1.615, 3.74754
1.616, 3.74649
1.617, 3.74543
1.618, 3.74438
1.619, 3.74333
1.62, 3.74227
1.621, 3.74122
1.622, 3.74017
1.623, 3.73912
1.624, 3.73807
1.625, 3.73701
1.626, 3.73596
1.627, 3.73491
1.628, 3.73386
1.629, 3.73281
1.63, 3.73176
1.631, 3.73071
1.632, 3.72966
1.633, 3.72861
1.634, 3.72756
1.635, 3.72651
1.636, 3.72546
1.637, 3.72441
1.638, 3.72336
1.639, 3.72231
1.64, 3.72126
1.641, 3.72021
1.642, 3.71916
1.643, 3.71812
1.644, 3.71707
1.645, 3.71602
1.646, 3.71497
1.647, 3.71392
1.648, 3.71288
1.649, 3.71183
1.65, 3.71078
1.651, 3.70974
1.652, 3.70869
1.653, 3.70764
1.654, 3.7066
1.655, 3.70555
1.656, 3.70451
1.657, 3.70346
1.658, 3.70241
1.659, 3.70137
1.66, 3.70032
1.661, 3.69928
1.662, 3.69824
1.663, 3.69719
1.664, 3.69615
1.665, 3.6951
1.666, 3.69406
1.667, 3.69302
1.668, 3.69197
1.669, 3.69093
1.67, 3.68989
1.671, 3.68884
1.672, 3.6878
1.673, 3.68676
1.674, 3.68572
1.675, 3.68467
1.676, 3.68363
1.677, 3.68259
1.678, 3.68155
1.679, 3.68051
1.68, 3.67947
1.681, 3.67843
1.682, 3.67739
1.683, 3.67634
1.684, 3.6753
1.685, 3.67426
1.686, 3.67322
1.687, 3.67219
1.688, 3.67115
1.689, 3.67011
1.69, 3.66907
1.691, 3.66803
1.692, 3.66699
1.693, 3.66595
1.694, 3.66491
1.695, 3.66388
1.696, 3.66284
1.697, 3.6618
1.698, 3.66076
1.699, 3.65973
1.7, 3.65869
1.701, 3.65765
1.702, 3.65662
1.703, 3.65558
1.704, 3.65454
1.705, 3.65351
1.706, 3.65247
1.707, 3.65144
1.708, 3.6504
1.709, 3.64936
1.71, 3.64833
1.711, 3.64729
1.712, 3.64626
1.713, 3.64523
1.714, 3.64419
1.715, 3.64316
1.716, 3.64212
1.717, 3.64109
1.718, 3.64006
1.719, 3.63902
1.72, 3.63799
1.721, 3.63696
1.722, 3.63593
1.723, 3.63489
1.724, 3.63386
1.725, 3.63283
1.726, 3.6318
1.727, 3.63077
1.728, 3.62973
1.729, 3.6287
1.73, 3.62767
1.731, 3.62664
1.732, 3.62561
1.733, 3.62458
1.734, 3.62355
1.735, 3.62252
1.736, 3.62149
1.737, 3.62046
1.738, 3.61943
1.739, 3.6184
1.74, 3.61738
1.741, 3.61635
1.742, 3.61532
1.743, 3.61429
1.744, 3.61326
1.745, 3.61223
1.746, 3.61121
1.747, 3.61018
1.748, 3.60915
1.749, 3.60813
1.75, 3.6071
1.751, 3.60607
1.752, 3.60505
1.753, 3.60402
1.754, 3.60299
1.755, 3.60197
1.756, 3.60094
1.757, 3.59992
1.758, 3.59889
1.759, 3.59787
1.76, 3.59684
1.761, 3.59582
1.762, 3.59479
1.763, 3.59377
1.764, 3.59275
1.765, 3.59172
1.766, 3.5907
1.767, 3.58968
1.768, 3.58865
1.769, 3.58763
1.77, 3.58661
1.771, 3.58559
1.772, 3.58456
1.773, 3.58354
1.774, 3.58252
1.775, 3.5815
1.776, 3.58048
1.777, 3.57946
1.778, 3.57844
1.779, 3.57742
1.78, 3.57639
1.781, 3.57537
1.782, 3.57435
1.783, 3.57333
1.784, 3.57232
1.785, 3.5713
1.786, 3.57028
1.787, 3.56926
1.788, 3.56824
1.789, 3.56722
1.79, 3.5662
1.791, 3.56518
1.792, 3.56417
1.793, 3.56315
1.794, 3.56213
1.795, 3.56111
1.796, 3.5601
1.797, 3.55908
1.798, 3.55806
1.799, 3.55705
1.8, 3.55603
1.801, 3.55502
1.802, 3.554
1.803, 3.55298
1.804, 3.55197
1.805, 3.55095
1.806, 3.54994
1.807, 3.54892
1.808, 3.54791
1.809, 3.5469
1.81, 3.54588
1.811, 3.54487
1.812, 3.54385
1.813, 3.54284
1.814, 3.54183
1.815, 3.54081
1.816, 3.5398
1.817, 3.53879
1.818, 3.53778
1.819, 3.53677
1.82, 3.53575
1.821, 3.53474
1.822, 3.53373
1.823, 3.53272
1.824, 3.53171
1.825, 3.5307
1.826, 3.52969
1.827, 3.52868
1.828, 3.52767
1.829, 3.52666
1.83, 3.52565
1.831, 3.52464
1.832, 3.52363
1.833, 3.52262
1.834, 3.52161
1.835, 3.5206
1.836, 3.51959
1.837, 3.51859
1.838, 3.51758
1.839, 3.51657
1.84, 3.51556
1.841, 3.51456
1.842, 3.51355
1.843, 3.51254
1.844, 3.51153
1.845, 3.51053
1.846, 3.50952
1.847, 3.50852
1.848, 3.50751
1.849, 3.5065
1.85, 3.5055
1.851, 3.50449
1.852, 3.50349
1.853, 3.50248
1.854, 3.50148
1.855, 3.50048
1.856, 3.49947
1.857, 3.49847
1.858, 3.49746
1.859, 3.49646
1.86, 3.49546
1.861, 3.49446
1.862, 3.49345
1.863, 3.49245
1.864, 3.49145
1.865, 3.49045
1.866, 3.48944
1.867, 3.48844
1.868, 3.48744
1.869, 3.48644
1.87, 3.48544
1.871, 3.48444
1.872, 3.48344
1.873, 3.48244
1.874, 3.48144
1.875, 3.48044
1.876, 3.47944
1.877, 3.47844
1.878, 3.47744
1.879, 3.47644
1.88, 3.47544
1.881, 3.47444
1.882, 3.47345
1.883, 3.47245
1.884, 3.47145
1.885, 3.47045
1.886, 3.46945
1.887, 3.46846
1.888, 3.46746
1.889, 3.46646
1.89, 3.46547
1.891, 3.46447
1.892, 3.46347
1.893, 3.46248
1.894, 3.46148
1.895, 3.46049
1.896, 3.45949
1.897, 3.4585
1.898, 3.4575
1.899, 3.45651
1.9, 3.45551
1.901, 3.45452
1.902, 3.45353
1.903, 3.45253
1.904, 3.45154
1.905, 3.45055
1.906, 3.44955
1.907, 3.44856
1.908, 3.44757
1.909, 3.44658
1.91, 3.44558
1.911, 3.44459
1.912, 3.4436
1.913, 3.44261
1.914, 3.44162
1.915, 3.44063
1.916, 3.43964
1.917, 3.43865
1.918, 3.43766
1.919, 3.43667
1.92, 3.43568
1.921, 3.43469
1.922, 3.4337
1.923, 3.43271
1.924, 3.43172
1.925, 3.43073
1.926, 3.42974
1.927, 3.42875
1.928, 3.42777
1.929, 3.42678
1.93, 3.42579
1.931, 3.4248
1.932, 3.42382
1.933, 3.42283
1.934, 3.42184
1.935, 3.42086
1.936, 3.41987
1.937, 3.41888
1.938, 3.4179
1.939, 3.41691
1.94, 3.41593
1.941, 3.41494
1.942, 3.41396
1.943, 3.41297
1.944, 3.41199
1.945, 3.411
1.946, 3.41002
1.947, 3.40904
1.948, 3.40805
1.949, 3.40707
1.95, 3.40609
1.951, 3.4051
1.952, 3.40412
1.953, 3.40314
1.954, 3.40216
1.955, 3.40117
1.956, 3.40019
1.957, 3.39921
1.958, 3.39823
1.959, 3.39725
1.96, 3.39627
1.961, 3.39529
1.962, 3.39431
1.963, 3.39333
1.964, 3.39235
1.965, 3.39137
1.966, 3.39039
1.967, 3.38941
1.968, 3.38843
1.969, 3.38745
1.97, 3.38647
1.971, 3.3855
1.972, 3.38452
1.973, 3.38354
1.974, 3.38256
1.975, 3.38158
1.976, 3.38061
1.977, 3.37963
1.978, 3.37865
1.979, 3.37768
1.98, 3.3767
1.981, 3.37572
1.982, 3.37475
1.983, 3.37377
1.984, 3.3728
1.985, 3.37182
1.986, 3.37085
1.987, 3.36987
1.988, 3.3689
1.989, 3.36792
1.99, 3.36695
1.991, 3.36598
1.992, 3.365
1.993, 3.36403
1.994, 3.36306
1.995, 3.36208
1.996, 3.36111
1.997, 3.36014
1.998, 3.35917
1.999, 3.3582
2, 3.35722
2.001, 3.35625
2.002, 3.35528
2.003, 3.35431
2.004, 3.35334
2.005, 3.35237
2.006, 3.3514
2.007, 3.35043
2.008, 3.34946
2.009, 3.34849
2.01, 3.34752
2.011, 3.34655
2.012, 3.34558
2.013, 3.34461
2.014, 3.34364
2.015, 3.34268
2.016, 3.34171
2.017, 3.34074
2.018, 3.33977
2.019, 3.33881
2.02, 3.33784
2.021, 3.33687
2.022, 3.3359
2.023, 3.33494
2.024, 3.33397
2.025, 3.33301
2.026, 3.33204
2.027, 3.33107
2.028, 3.33011
2.029, 3.32914
2.03, 3.32818
2.031, 3.32722
2.032, 3.32625
2.033, 3.32529
2.034, 3.32432
2.035, 3.32336
2.036, 3.3224
2.037, 3.32143
2.038, 3.32047
2.039, 3.31951
2.04, 3.31854
2.041, 3.31758
2.042, 3.31662
2.043, 3.31566
2.044, 3.3147
2.045, 3.31374
2.046, 3.31277
2.047, 3.31181
2.048, 3.31085
2.049, 3.30989
2.05, 3.30893
2.051, 3.30797
2.052, 3.30701
2.053, 3.30605
2.054, 3.30509
2.055, 3.30413
2.056, 3.30318
2.057, 3.30222
2.058, 3.30126
2.059, 3.3003
2.06, 3.29934
2.061, 3.29838
2.062, 3.29743
2.063, 3.29647
2.064, 3.29551
2.065, 3.29456
2.066, 3.2936
2.067, 3.29264
2.068, 3.29169
2.069, 3.29073
2.07, 3.28978
2.071, 3.28882
2.072, 3.28787
2.073, 3.28691
2.074, 3.28596
2.075, 3.285
2.076, 3.28405
2.077, 3.28309
2.078, 3.28214
2.079, 3.28119
2.08, 3.28023
2.081, 3.27928
2.082, 3.27833
2.083, 3.27737
2.084, 3.27642
2.085, 3.27547
2.086, 3.27452
2.087, 3.27357
2.088, 3.27262
2.089, 3.27166
2.09, 3.27071
2.091, 3.26976
2.092, 3.26881
2.093, 3.26786
2.094, 3.26691
2.095, 3.26596
2.096, 3.26501
2.097, 3.26406
2.098, 3.26311
2.099, 3.26217
2.1, 3.26122
2.101, 3.26027
2.102, 3.25932
2.103, 3.25837
2.104, 3.25742
2.105, 3.25648
2.106, 3.25553
2.107, 3.25458
2.108, 3.25364
2.109, 3.25269
2.11, 3.25174
2.111, 3.2508
2.112, 3.24985
2.113, 3.24891
2.114, 3.24796
2.115, 3.24701
2.116, 3.24607
2.117, 3.24513
2.118, 3.24418
2.119, 3.24324
2.12, 3.24229
2.121, 3.24135
2.122, 3.24041
2.123, 3.23946
2.124, 3.23852
2.125, 3.23758
2.126, 3.23663
2.127, 3.23569
2.128, 3.23475
2.129, 3.23381
2.13, 3.23287
2.131, 3.23192
2.132, 3.23098
2.133, 3.23004
2.134, 3.2291
2.135, 3.22816
2.136, 3.22722
2.137, 3.22628
2.138, 3.22534
2.139, 3.2244
2.14, 3.22346
2.141, 3.22252
2.142, 3.22158
2.143, 3.22064
2.144, 3.21971
2.145, 3.21877
2.146, 3.21783
2.147, 3.21689
2.148, 3.21595
2.149, 3.21502
2.15, 3.21408
2.151, 3.21314
2.152, 3.21221
2.153, 3.21127
2.154, 3.21033
2.155, 3.2094
2.156, 3.20846
2.157, 3.20753
2.158, 3.20659
2.159, 3.20566
2.16, 3.20472
2.161, 3.20379
2.162, 3.20285
2.163, 3.20192
2.164, 3.20099
2.165, 3.20005
2.166, 3.19912
2.167, 3.19819
2.168, 3.19725
2.169, 3.19632
2.17, 3.19539
2.171, 3.19446
2.172, 3.19353
2.173, 3.19259
2.174, 3.19166
2.175, 3.19073
2.176, 3.1898
2.177, 3.18887
2.178, 3.18794
2.179, 3.18701
2.18, 3.18608
2.181, 3.18515
2.182, 3.18422
2.183, 3.18329
2.184, 3.18236
2.185, 3.18143
2.186, 3.1805
2.187, 3.17958
2.188, 3.17865
2.189, 3.17772
2.19, 3.17679
2.191, 3.17586
2.192, 3.17494
2.193, 3.17401
2.194, 3.17308
2.195, 3.17216
2.196, 3.17123
2.197, 3.1703
2.198, 3.16938
2.199, 3.16845
2.2, 3.16753
2.201, 3.1666
2.202, 3.16568
2.203, 3.16475
2.204, 3.16383
2.205, 3.1629
2.206, 3.16198
2.207, 3.16106
2.208, 3.16013
2.209, 3.15921
2.21, 3.15829
2.211, 3.15736
2.212, 3.15644
2.213, 3.15552
2.214, 3.1546
2.215, 3.15368
2.216, 3.15275
2.217, 3.15183
2.218, 3.15091
2.219, 3.14999
2.22, 3.14907
2.221, 3.14815
2.222, 3.14723
2.223, 3.14631
2.224, 3.14539
2.225, 3.14447
2.226, 3.14355
2.227, 3.14263
2.228, 3.14171
2.229, 3.14079
2.23, 3.13988
2.231, 3.13896
2.232, 3.13804
2.233, 3.13712
2.234, 3.1362
2.235, 3.13529
2.236, 3.13437
2.237, 3.13345
2.238, 3.13254
2.239, 3.13162
2.24, 3.1307
2.241, 3.12979
2.242, 3.12887
2.243, 3.12796
2.244, 3.12704
2.245, 3.12613
2.246, 3.12521
2.247, 3.1243
2.248, 3.12339
2.249, 3.12247
2.25, 3.12156
2.251, 3.12064
2.252, 3.11973
2.253, 3.11882
2.254, 3.11791
2.255, 3.11699
2.256, 3.11608
2.257, 3.11517
2.258, 3.11426
2.259, 3.11335
2.26, 3.11243
2.261, 3.11152
2.262, 3.11061
2.263, 3.1097
2.264, 3.10879
2.265, 3.10788
2.266, 3.10697
2.267, 3.10606
2.268, 3.10515
2.269, 3.10424
2.27, 3.10333
2.271, 3.10242
2.272, 3.10152
2.273, 3.10061
2.274, 3.0997
2.275, 3.09879
2.276, 3.09788
2.277, 3.09698
2.278, 3.09607
2.279, 3.09516
2.28, 3.09426
2.281, 3.09335
2.282, 3.09244
2.283, 3.09154
2.284, 3.09063
2.285, 3.08973
2.286, 3.08882
2.287, 3.08792
2.288, 3.08701
2.289, 3.08611
2.29, 3.0852
2.291, 3.0843
2.292, 3.0834
2.293, 3.08249
2.294, 3.08159
2.295, 3.08069
2.296, 3.07978
2.297, 3.07888
2.298, 3.07798
2.299, 3.07707
2.3, 3.07617
2.301, 3.07527
2.302, 3.07437
2.303, 3.07347
2.304, 3.07257
2.305, 3.07167
2.306, 3.07077
2.307, 3.06987
2.308, 3.06897
2.309, 3.06807
2.31, 3.06717
2.311, 3.06627
2.312, 3.06537
2.313, 3.06447
2.314, 3.06357
2.315, 3.06267
2.316, 3.06177
2.317, 3.06088
2.318, 3.05998
2.319, 3.05908
2.32, 3.05818
2.321, 3.05729
2.322, 3.05639
2.323, 3.05549
2.324, 3.0546
2.325, 3.0537
2.326, 3.0528
2.327, 3.05191
2.328, 3.05101
2.329, 3.05012
2.33, 3.04922
2.331, 3.04833
2.332, 3.04743
2.333, 3.04654
2.334, 3.04564
2.335, 3.04475
2.336, 3.04386
2.337, 3.04296
2.338, 3.04207
2.339, 3.04118
2.34, 3.04029
2.341, 3.03939
2.342, 3.0385
2.343, 3.03761
2.344, 3.03672
2.345, 3.03583
2.346, 3.03493
2.347, 3.03404
2.348, 3.03315
2.349, 3.03226
2.35, 3.03137
2.351, 3.03048
2.352, 3.02959
2.353, 3.0287
2.354, 3.02781
2.355, 3.02692
2.356, 3.02604
2.357, 3.02515
2.358, 3.02426
2.359, 3.02337
2.36, 3.02248
2.361, 3.02159
2.362, 3.02071
2.363, 3.01982
2.364, 3.01893
2.365, 3.01805
2.366, 3.01716
2.367, 3.01627
2.368, 3.01539
2.369, 3.0145
2.37, 3.01362
2.371, 3.01273
2.372, 3.01184
2.373, 3.01096
2.374, 3.01008
2.375, 3.00919
2.376, 3.00831
2.377, 3.00742
2.378, 3.00654
2.379, 3.00566
2.38, 3.00477
2.381, 3.00389
2.382, 3.00301
2.383, 3.00212
2.384, 3.00124
2.385, 3.00036
2.386, 2.99948
2.387, 2.9986
2.388, 2.99771
2.389, 2.99683
2.39, 2.99595
2.391, 2.99507
2.392, 2.99419
2.393, 2.99331
2.394, 2.99243
2.395, 2.99155
2.396, 2.99067
2.397, 2.98979
2.398, 2.98891
2.399, 2.98803
2.4, 2.98715
2.401, 2.98628
2.402, 2.9854
2.403, 2.98452
2.404, 2.98364
2.405, 2.98277
2.406, 2.98189
2.407, 2.98101
2.408, 2.98013
2.409, 2.97926
2.41, 2.97838
2.411, 2.97751
2.412, 2.97663
2.413, 2.97575
2.414, 2.97488
2.415, 2.974
2.416, 2.97313
2.417, 2.97225
2.418, 2.97138
2.419, 2.9705
2.42, 2.96963
2.421, 2.96876
2.422, 2.96788
2.423, 2.96701
2.424, 2.96614
2.425, 2.96526
2.426, 2.96439
2.427, 2.96352
2.428, 2.96265
2.429, 2.96178
2.43, 2.9609
2.431, 2.96003
2.432, 2.95916
2.433, 2.95829
2.434, 2.95742
2.435, 2.95655
2.436, 2.95568
2.437, 2.95481
2.438, 2.95394
2.439, 2.95307
2.44, 2.9522
2.441, 2.95133
2.442, 2.95046
2.443, 2.94959
2.444, 2.94872
2.445, 2.94786
2.446, 2.94699
2.447, 2.94612
2.448, 2.94525
2.449, 2.94439
2.45, 2.94352
2.451, 2.94265
2.452, 2.94179
2.453, 2.94092
2.454, 2.94005
2.455, 2.93919
2.456, 2.93832
2.457, 2.93746
2.458, 2.93659
2.459, 2.93573
2.46, 2.93486
2.461, 2.934
2.462, 2.93313
2.463, 2.93227
2.464, 2.93141
2.465, 2.93054
2.466, 2.92968
2.467, 2.92882
2.468, 2.92795
2.469, 2.92709
2.47, 2.92623
2.471, 2.92537
2.472, 2.9245
2.473, 2.92364
2.474, 2.92278
2.475, 2.92192
2.476, 2.92106
2.477, 2.9202
2.478, 2.91934
2.479, 2.91848
2.48, 2.91762
2.481, 2.91676
2.482, 2.9159
2.483, 2.91504
2.484, 2.91418
2.485, 2.91332
2.486, 2.91246
2.487, 2.9116
2.488, 2.91074
2.489, 2.90989
2.49, 2.90903
2.491, 2.90817
2.492, 2.90731
2.493, 2.90646
2.494, 2.9056
2.495, 2.90474
2.496, 2.90389
2.497, 2.90303
2.498, 2.90217
2.499, 2.90132
2.5, 2.90046
2.501, 2.89961
2.502, 2.89875
2.503, 2.8979
2.504, 2.89704
2.505, 2.89619
2.506, 2.89534
2.507, 2.89448
2.508, 2.89363
2.509, 2.89277
2.51, 2.89192
2.511, 2.89107
2.512, 2.89022
2.513, 2.88936
2.514, 2.88851
2.515, 2.88766
2.516, 2.88681
2.517, 2.88596
2.518, 2.8851
2.519, 2.88425
2.52, 2.8834
2.521, 2.88255
2.522, 2.8817
2.523, 2.88085
2.524, 2.88
2.525, 2.87915
2.526, 2.8783
2.527, 2.87745
2.528, 2.8766
2.529, 2.87576
2.53, 2.87491
2.531, 2.87406
2.532, 2.87321
2.533, 2.87236
2.534, 2.87151
2.535, 2.87067
2.536, 2.86982
2.537, 2.86897
2.538, 2.86813
2.539, 2.86728
2.54, 2.86643
2.541, 2.86559
2.542, 2.86474
2.543, 2.8639
2.544, 2.86305
2.545, 2.86221
2.546, 2.86136
2.547, 2.86052
2.548, 2.85967
2.549, 2.85883
2.55, 2.85798
2.551, 2.85714
2.552, 2.8563
2.553, 2.85545
2.554, 2.85461
2.555, 2.85377
2.556, 2.85293
2.557, 2.85208
2.558, 2.85124
2.559, 2.8504
2.56, 2.84956
2.561, 2.84872
2.562, 2.84787
2.563, 2.84703
2.564, 2.84619
2.565, 2.84535
2.566, 2.84451
2.567, 2.84367
2.568, 2.84283
2.569, 2.84199
2.57, 2.84115
2.571, 2.84031
2.572, 2.83948
2.573, 2.83864
2.574, 2.8378
2.575, 2.83696
2.576, 2.83612
2.577, 2.83528
2.578, 2.83445
2.579, 2.83361
2.58, 2.83277
2.581, 2.83194
2.582, 2.8311
2.583, 2.83026
2.584, 2.82943
2.585, 2.82859
2.586, 2.82775
2.587, 2.82692
2.588, 2.82608
2.589, 2.82525
2.59, 2.82441
2.591, 2.82358
2.592, 2.82274
2.593, 2.82191
2.594, 2.82108
2.595, 2.82024
2.596, 2.81941
2.597, 2.81858
2.598, 2.81774
2.599, 2.81691
2.6, 2.81608
2.601, 2.81525
2.602, 2.81441
2.603, 2.81358
2.604, 2.81275
2.605, 2.81192
2.606, 2.81109
2.607, 2.81026
2.608, 2.80943
2.609, 2.8086
2.61, 2.80777
2.611, 2.80694
2.612, 2.80611
2.613, 2.80528
2.614, 2.80445
2.615, 2.80362
2.616, 2.80279
2.617, 2.80196
2.618, 2.80113
2.619, 2.8003
2.62, 2.79948
2.621, 2.79865
2.622, 2.79782
2.623, 2.79699
2.624, 2.79617
2.625, 2.79534
2.626, 2.79451
2.627, 2.79369
2.628, 2.79286
2.629, 2.79203
2.63, 2.79121
2.631, 2.79038
2.632, 2.78956
2.633, 2.78873
2.634, 2.78791
2.635, 2.78708
2.636, 2.78626
2.637, 2.78544
2.638, 2.78461
2.639, 2.78379
2.64, 2.78296
2.641, 2.78214
2.642, 2.78132
2.643, 2.7805
2.644, 2.77967
2.645, 2.77885
2.646, 2.77803
2.647, 2.77721
2.648, 2.77639
2.649, 2.77556
2.65, 2.77474
2.651, 2.77392
2.652, 2.7731
2.653, 2.77228
2.654, 2.77146
2.655, 2.77064
2.656, 2.76982
2.657, 2.769
2.658, 2.76818
2.659, 2.76736
2.66, 2.76654
2.661, 2.76573
2.662, 2.76491
2.663, 2.76409
2.664, 2.76327
2.665, 2.76245
2.666, 2.76164
2.667, 2.76082
2.668, 2.76
2.669, 2.75918
2.67, 2.75837
2.671, 2.75755
2.672, 2.75673
2.673, 2.75592
2.674, 2.7551
2.675, 2.75429
2.676, 2.75347
2.677, 2.75266
2.678, 2.75184
2.679, 2.75103
2.68, 2.75021
2.681, 2.7494
2.682, 2.74859
2.683, 2.74777
2.684, 2.74696
2.685, 2.74615
2.686, 2.74533
2.687, 2.74452
2.688, 2.74371
2.689, 2.74289
2.69, 2.74208
2.691, 2.74127
2.692, 2.74046
2.693, 2.73965
2.694, 2.73884
2.695, 2.73803
2.696, 2.73721
2.697, 2.7364
2.698, 2.73559
2.699, 2.73478
2.7, 2.73397
2.701, 2.73316
2.702, 2.73235
2.703, 2.73155
2.704, 2.73074
2.705, 2.72993
2.706, 2.72912
2.707, 2.72831
2.708, 2.7275
2.709, 2.72669
2.71, 2.72589
2.711, 2.72508
2.712, 2.72427
2.713, 2.72347
2.714, 2.72266
2.715, 2.72185
2.716, 2.72105
2.717, 2.72024
2.718, 2.71943
2.719, 2.71863
2.72, 2.71782
2.721, 2.71702
2.722, 2.71621
2.723, 2.71541
2.724, 2.7146
2.725, 2.7138
2.726, 2.713
2.727, 2.71219
2.728, 2.71139
2.729, 2.71058
2.73, 2.70978
2.731, 2.70898
2.732, 2.70818
2.733, 2.70737
2.734, 2.70657
2.735, 2.70577
2.736, 2.70497
2.737, 2.70417
2.738, 2.70336
2.739, 2.70256
2.74, 2.70176
2.741, 2.70096
2.742, 2.70016
2.743, 2.69936
2.744, 2.69856
2.745, 2.69776
2.746, 2.69696
2.747, 2.69616
2.748, 2.69536
2.749, 2.69456
2.75, 2.69377
2.751, 2.69297
2.752, 2.69217
2.753, 2.69137
2.754, 2.69057
2.755, 2.68978
2.756, 2.68898
2.757, 2.68818
2.758, 2.68738
2.759, 2.68659
2.76, 2.68579
2.761, 2.685
2.762, 2.6842
2.763, 2.6834
2.764, 2.68261
2.765, 2.68181
2.766, 2.68102
2.767, 2.68022
2.768, 2.67943
2.769, 2.67863
2.77, 2.67784
2.771, 2.67705
2.772, 2.67625
2.773, 2.67546
2.774, 2.67466
2.775, 2.67387
2.776, 2.67308
2.777, 2.67229
2.778, 2.67149
2.779, 2.6707
2.78, 2.66991
2.781, 2.66912
2.782, 2.66833
2.783, 2.66753
2.784, 2.66674
2.785, 2.66595
2.786, 2.66516
2.787, 2.66437
2.788, 2.66358
2.789, 2.66279
2.79, 2.662
2.791, 2.66121
2.792, 2.66042
2.793, 2.65963
2.794, 2.65884
2.795, 2.65806
2.796, 2.65727
2.797, 2.65648
2.798, 2.65569
2.799, 2.6549
2.8, 2.65412
2.801, 2.65333
2.802, 2.65254
2.803, 2.65175
2.804, 2.65097
2.805, 2.65018
2.806, 2.64939
2.807, 2.64861
2.808, 2.64782
2.809, 2.64704
2.81, 2.64625
2.811, 2.64547
2.812, 2.64468
2.813, 2.6439
2.814, 2.64311
2.815, 2.64233
2.816, 2.64154
2.817, 2.64076
2.818, 2.63998
2.819, 2.63919
2.82, 2.63841
2.821, 2.63763
2.822, 2.63684
2.823, 2.63606
2.824, 2.63528
2.825, 2.6345
2.826, 2.63372
2.827, 2.63293
2.828, 2.63215
2.829, 2.63137
2.83, 2.63059
2.831, 2.62981
2.832, 2.62903
2.833, 2.62825
2.834, 2.62747
2.835, 2.62669
2.836, 2.62591
2.837, 2.62513
2.838, 2.62435
2.839, 2.62357
2.84, 2.62279
2.841, 2.62201
2.842, 2.62124
2.843, 2.62046
2.844, 2.61968
2.845, 2.6189
2.846, 2.61813
2.847, 2.61735
2.848, 2.61657
2.849, 2.61579
2.85, 2.61502
2.851, 2.61424
2.852, 2.61347
2.853, 2.61269
2.854, 2.61191
2.855, 2.61114
2.856, 2.61036
2.857, 2.60959
2.858, 2.60881
2.859, 2.60804
2.86, 2.60726
2.861, 2.60649
2.862, 2.60572
2.863, 2.60494
2.864, 2.60417
2.865, 2.6034
2.866, 2.60262
2.867, 2.60185
2.868, 2.60108
2.869, 2.6003
2.87, 2.59953
2.871, 2.59876
2.872, 2.59799
2.873, 2.59722
2.874, 2.59645
2.875, 2.59567
2.876, 2.5949
2.877, 2.59413
2.878, 2.59336
2.879, 2.59259
2.88, 2.59182
2.881, 2.59105
2.882, 2.59028
2.883, 2.58951
2.884, 2.58874
2.885, 2.58797
2.886, 2.58721
2.887, 2.58644
2.888, 2.58567
2.889, 2.5849
2.89, 2.58413
2.891, 2.58337
2.892, 2.5826
2.893, 2.58183
2.894, 2.58106
2.895, 2.5803
2.896, 2.57953
2.897, 2.57876
2.898, 2.578
2.899, 2.57723
2.9, 2.57647
2.901, 2.5757
2.902, 2.57494
2.903, 2.57417
2.904, 2.57341
2.905, 2.57264
2.906, 2.57188
2.907, 2.57111
2.908, 2.57035
2.909, 2.56959
2.91, 2.56882
2.911, 2.56806
2.912, 2.5673
2.913, 2.56653
2.914, 2.56577
2.915, 2.56501
2.916, 2.56425
2.917, 2.56348
2.918, 2.56272
2.919, 2.56196
2.92, 2.5612
2.921, 2.56044
2.922, 2.55968
2.923, 2.55892
2.924, 2.55816
2.925, 2.5574
2.926, 2.55664
2.927, 2.55588
2.928, 2.55512
2.929, 2.55436
2.93, 2.5536
2.931, 2.55284
2.932, 2.55208
2.933, 2.55132
2.934, 2.55056
2.935, 2.5498
2.936, 2.54905
2.937, 2.54829
2.938, 2.54753
2.939, 2.54677
2.94, 2.54602
2.941, 2.54526
2.942, 2.5445
2.943, 2.54375
2.944, 2.54299
2.945, 2.54224
2.946, 2.54148
2.947, 2.54072
2.948, 2.53997
2.949, 2.53921
2.95, 2.53846
2.951, 2.5377
2.952, 2.53695
2.953, 2.5362
2.954, 2.53544
2.955, 2.53469
2.956, 2.53393
2.957, 2.53318
2.958, 2.53243
2.959, 2.53167
2.96, 2.53092
2.961, 2.53017
2.962, 2.52942
2.963, 2.52866
2.964, 2.52791
2.965, 2.52716
2.966, 2.52641
2.967, 2.52566
2.968, 2.52491
2.969, 2.52416
2.97, 2.52341
2.971, 2.52266
2.972, 2.52191
2.973, 2.52116
2.974, 2.52041
2.975, 2.51966
2.976, 2.51891
2.977, 2.51816
2.978, 2.51741
2.979, 2.51666
2.98, 2.51591
2.981, 2.51516
2.982, 2.51442
2.983, 2.51367
2.984, 2.51292
2.985, 2.51217
2.986, 2.51142
2.987, 2.51068
2.988, 2.50993
2.989, 2.50918
2.99, 2.50844
2.991, 2.50769
2.992, 2.50695
2.993, 2.5062
2.994, 2.50546
2.995, 2.50471
2.996, 2.50396
2.997, 2.50322
2.998, 2.50248
2.999, 2.50173
3, 2.50099
3.001, 2.50024
3.002, 2.4995
3.003, 2.49876
3.004, 2.49801
3.005, 2.49727
3.006, 2.49653
3.007, 2.49578
3.008, 2.49504
3.009, 2.4943
3.01, 2.49356
3.011, 2.49281
3.012, 2.49207
3.013, 2.49133
3.014, 2.49059
3.015, 2.48985
3.016, 2.48911
3.017, 2.48837
3.018, 2.48763
3.019, 2.48689
3.02, 2.48615
3.021, 2.48541
3.022, 2.48467
3.023, 2.48393
3.024, 2.48319
3.025, 2.48245
3.026, 2.48171
3.027, 2.48097
3.028, 2.48023
3.029, 2.4795
3.03, 2.47876
3.031, 2.47802
3.032, 2.47728
3.033, 2.47655
3.034, 2.47581
3.035, 2.47507
3.036, 2.47434
3.037, 2.4736
3.038, 2.47286
3.039, 2.47213
3.04, 2.47139
3.041, 2.47066
3.042, 2.46992
3.043, 2.46919
3.044, 2.46845
3.045, 2.46772
3.046, 2.46698
3.047, 2.46625
3.048, 2.46551
3.049, 2.46478
3.05, 2.46405
3.051, 2.46331
3.052, 2.46258
3.053, 2.46185
3.054, 2.46111
3.055, 2.46038
3.056, 2.45965
3.057, 2.45892
3.058, 2.45818
3.059, 2.45745
3.06, 2.45672
3.061, 2.45599
3.062, 2.45526
3.063, 2.45453
3.064, 2.4538
3.065, 2.45307
3.066, 2.45234
3.067, 2.45161
3.068, 2.45088
3.069, 2.45015
3.07, 2.44942
3.071, 2.44869
3.072, 2.44796
3.073, 2.44723
3.074, 2.4465
3.075, 2.44577
3.076, 2.44504
3.077, 2.44432
3.078, 2.44359
3.079, 2.44286
3.08, 2.44213
3.081, 2.44141
3.082, 2.44068
3.083, 2.43995
3.084, 2.43923
3.085, 2.4385
3.086, 2.43777
3.087, 2.43705
3.088, 2.43632
3.089, 2.4356
3.09, 2.43487
3.091, 2.43415
3.092, 2.43342
3.093, 2.4327
3.094, 2.43197
3.095, 2.43125
3.096, 2.43052
3.097, 2.4298
3.098, 2.42908
3.099, 2.42835
3.1, 2.42763
3.101, 2.42691
3.102, 2.42619
3.103, 2.42546
3.104, 2.42474
3.105, 2.42402
3.106, 2.4233
3.107, 2.42257
3.108, 2.42185
3.109, 2.42113
3.11, 2.42041
3.111, 2.41969
3.112, 2.41897
3.113, 2.41825
3.114, 2.41753
3.115, 2.41681
3.116, 2.41609
3.117, 2.41537
3.118, 2.41465
3.119, 2.41393
3.12, 2.41321
3.121, 2.41249
3.122, 2.41177
3.123, 2.41105
3.124, 2.41034
3.125, 2.40962
3.126, 2.4089
3.127, 2.40818
3.128, 2.40747
3.129, 2.40675
3.13, 2.40603
3.131, 2.40531
3.132, 2.4046
3.133, 2.40388
3.134, 2.40317
3.135, 2.40245
3.136, 2.40173
3.137, 2.40102
3.138, 2.4003
3.139, 2.39959
3.14, 2.39887
3.141, 2.39816
3.142, 2.39744
3.143, 2.39673
3.144, 2.39602
3.145, 2.3953
3.146, 2.39459
3.147, 2.39387
3.148, 2.39316
3.149, 2.39245
3.15, 2.39174
3.151, 2.39102
3.152, 2.39031
3.153, 2.3896
3.154, 2.38889
3.155, 2.38817
3.156, 2.38746
3.157, 2.38675
3.158, 2.38604
3.159, 2.38533
3.16, 2.38462
3.161, 2.38391
3.162, 2.3832
3.163, 2.38249
3.164, 2.38178
3.165, 2.38107
3.166, 2.38036
3.167, 2.37965
3.168, 2.37894
3.169, 2.37823
3.17, 2.37752
3.171, 2.37681
3.172, 2.3761
3.173, 2.3754
3.174, 2.37469
3.175, 2.37398
3.176, 2.37327
3.177, 2.37257
3.178, 2.37186
3.179, 2.37115
3.18, 2.37045
3.181, 2.36974
3.182, 2.36903
3.183, 2.36833
3.184, 2.36762
3.185, 2.36691
3.186, 2.36621
3.187, 2.3655
3.188, 2.3648
3.189, 2.36409
3.19, 2.36339
3.191, 2.36268
3.192, 2.36198
3.193, 2.36128
3.194, 2.36057
3.195, 2.35987
3.196, 2.35917
3.197, 2.35846
3.198, 2.35776
3.199, 2.35706
3.2, 2.35635
3.201, 2.35565
3.202, 2.35495
3.203, 2.35425
3.204, 2.35355
3.205, 2.35284
3.206, 2.35214
3.207, 2.35144
3.208, 2.35074
3.209, 2.35004
3.21, 2.34934
3.211, 2.34864
3.212, 2.34794
3.213, 2.34724
3.214, 2.34654
3.215, 2.34584
3.216, 2.34514
3.217, 2.34444
3.218, 2.34374
3.219, 2.34304
3.22, 2.34234
3.221, 2.34165
3.222, 2.34095
3.223, 2.34025
3.224, 2.33955
3.225, 2.33885
3.226, 2.33816
3.227, 2.33746
3.228, 2.33676
3.229, 2.33607
3.23, 2.33537
3.231, 2.33467
3.232, 2.33398
3.233, 2.33328
3.234, 2.33258
3.235, 2.33189
3.236, 2.33119
3.237, 2.3305
3.238, 2.3298
3.239, 2.32911
3.24, 2.32841
3.241, 2.32772
3.242, 2.32703
3.243, 2.32633
3.244, 2.32564
3.245, 2.32494
3.246, 2.32425
3.247, 2.32356
3.248, 2.32287
3.249, 2.32217
3.25, 2.32148
3.251, 2.32079
3.252, 2.3201
3.253, 2.3194
3.254, 2.31871
3.255, 2.31802
3.256, 2.31733
3.257, 2.31664
3.258, 2.31595
3.259, 2.31526
3.26, 2.31457
3.261, 2.31388
3.262, 2.31319
3.263, 2.3125
3.264, 2.31181
3.265, 2.31112
3.266, 2.31043
3.267, 2.30974
3.268, 2.30905
3.269, 2.30836
3.27, 2.30767
3.271, 2.30698
3.272, 2.3063
3.273, 2.30561
3.274, 2.30492
3.275, 2.30423
3.276, 2.30354
3.277, 2.30286
3.278, 2.30217
3.279, 2.30148
3.28, 2.3008
3.281, 2.30011
3.282, 2.29942
3.283, 2.29874
3.284, 2.29805
3.285, 2.29737
3.286, 2.29668
3.287, 2.296
3.288, 2.29531
3.289, 2.29463
3.29, 2.29394
3.291, 2.29326
3.292, 2.29257
3.293, 2.29189
3.294, 2.29121
3.295, 2.29052
3.296, 2.28984
3.297, 2.28916
3.298, 2.28847
3.299, 2.28779
3.3, 2.28711
3.301, 2.28643
3.302, 2.28574
3.303, 2.28506
3.304, 2.28438
3.305, 2.2837
3.306, 2.28302
3.307, 2.28234
3.308, 2.28166
3.309, 2.28097
3.31, 2.28029
3.311, 2.27961
3.312, 2.27893
3.313, 2.27825
3.314, 2.27757
3.315, 2.27689
3.316, 2.27621
3.317, 2.27554
3.318, 2.27486
3.319, 2.27418
3.32, 2.2735
3.321, 2.27282
3.322, 2.27214
3.323, 2.27146
3.324, 2.27079
3.325, 2.27011
3.326, 2.26943
3.327, 2.26875
3.328, 2.26808
3.329, 2.2674
3.33, 2.26672
3.331, 2.26605
3.332, 2.26537
3.333, 2.26469
3.334, 2.26402
3.335, 2.26334
3.336, 2.26267
3.337, 2.26199
3.338, 2.26132
3.339, 2.26064
3.34, 2.25997
3.341, 2.25929
3.342, 2.25862
3.343, 2.25795
3.344, 2.25727
3.345, 2.2566
3.346, 2.25592
3.347, 2.25525
3.348, 2.25458
3.349, 2.25391
3.35, 2.25323
3.351, 2.25256
3.352, 2.25189
3.353, 2.25122
3.354, 2.25054
3.355, 2.24987
3.356, 2.2492
3.357, 2.24853
3.358, 2.24786
3.359, 2.24719
3.36, 2.24652
3.361, 2.24585
3.362, 2.24518
3.363, 2.24451
3.364, 2.24384
3.365, 2.24317
3.366, 2.2425
3.367, 2.24183
3.368, 2.24116
3.369, 2.24049
3.37, 2.23982
3.371, 2.23915
3.372, 2.23848
3.373, 2.23781
3.374, 2.23715
3.375, 2.23648
3.376, 2.23581
3.377, 2.23514
3.378, 2.23448
3.379, 2.23381
3.38, 2.23314
3.381, 2.23248
3.382, 2.23181
3.383, 2.23114
3.384, 2.23048
3.385, 2.22981
3.386, 2.22915
3.387, 2.22848
3.388, 2.22781
3.389, 2.22715
3.39, 2.22648
3.391, 2.22582
3.392, 2.22516
3.393, 2.22449
3.394, 2.22383
3.395, 2.22316
3.396, 2.2225
3.397, 2.22184
3.398, 2.22117
3.399, 2.22051
3.4, 2.21985
3.401, 2.21918
3.402, 2.21852
3.403, 2.21786
3.404, 2.2172
3.405, 2.21653
3.406, 2.21587
3.407, 2.21521
3.408, 2.21455
3.409, 2.21389
3.41, 2.21323
3.411, 2.21257
3.412, 2.21191
3.413, 2.21125
3.414, 2.21059
3.415, 2.20993
3.416, 2.20927
3.417, 2.20861
3.418, 2.20795
3.419, 2.20729
3.42, 2.20663
3.421, 2.20597
3.422, 2.20531
3.423, 2.20465
3.424, 2.20399
3.425, 2.20334
3.426, 2.20268
3.427, 2.20202
3.428, 2.20136
3.429, 2.2007
3.43, 2.20005
3.431, 2.19939
3.432, 2.19873
3.433, 2.19808
3.434, 2.19742
3.435, 2.19676
3.436, 2.19611
3.437, 2.19545
3.438, 2.1948
3.439, 2.19414
3.44, 2.19349
3.441, 2.19283
3.442, 2.19218
3.443, 2.19152
3.444, 2.19087
3.445, 2.19021
3.446, 2.18956
3.447, 2.1889
3.448, 2.18825
3.449, 2.1876
3.45, 2.18694
3.451, 2.18629
3.452, 2.18564
3.453, 2.18499
3.454, 2.18433
3.455, 2.18368
3.456, 2.18303
3.457, 2.18238
3.458, 2.18172
3.459, 2.18107
3.46, 2.18042
3.461, 2.17977
3.462, 2.17912
3.463, 2.17847
3.464, 2.17782
3.465, 2.17717
3.466, 2.17652
3.467, 2.17587
3.468, 2.17522
3.469, 2.17457
3.47, 2.17392
3.471, 2.17327
3.472, 2.17262
3.473, 2.17197
3.474, 2.17132
3.475, 2.17067
3.476, 2.17002
3.477, 2.16938
3.478, 2.16873
3.479, 2.16808
3.48, 2.16743
3.481, 2.16678
3.482, 2.16614
3.483, 2.16549
3.484, 2.16484
3.485, 2.1642
3.486, 2.16355
3.487, 2.1629
3.488, 2.16226
3.489, 2.16161
3.49, 2.16097
3.491, 2.16032
3.492, 2.15968
3.493, 2.15903
3.494, 2.15839
3.495, 2.15774
3.496, 2.1571
3.497, 2.15645
3.498, 2.15581
3.499, 2.15516
3.5, 2.15452
3.501, 2.15388
3.502, 2.15323
3.503, 2.15259
3.504, 2.15195
3.505, 2.1513
3.506, 2.15066
3.507, 2.15002
3.508, 2.14938
3.509, 2.14873
3.51, 2.14809
3.511, 2.14745
3.512, 2.14681
3.513, 2.14617
3.514, 2.14553
3.515, 2.14488
3.516, 2.14424
3.517, 2.1436
3.518, 2.14296
3.519, 2.14232
3.52, 2.14168
3.521, 2.14104
3.522, 2.1404
3.523, 2.13976
3.524, 2.13912
3.525, 2.13848
3.526, 2.13785
3.527, 2.13721
3.528, 2.13657
3.529, 2.13593
3.53, 2.13529
3.531, 2.13465
3.532, 2.13402
3.533, 2.13338
3.534, 2.13274
3.535, 2.1321
3.536, 2.13147
3.537, 2.13083
3.538, 2.13019
3.539, 2.12956
3.54, 2.12892
3.541, 2.12828
3.542, 2.12765
3.543, 2.12701
3.544, 2.12638
3.545, 2.12574
3.546, 2.12511
3.547, 2.12447
3.548, 2.12384
3.549, 2.1232
3.55, 2.12257
3.551, 2.12193
3.552, 2.1213
3.553, 2.12066
3.554, 2.12003
3.555, 2.1194
3.556, 2.11876
3.557, 2.11813
3.558, 2.1175
3.559, 2.11686
3.56, 2.11623
3.561, 2.1156
3.562, 2.11497
3.563, 2.11433
3.564, 2.1137
3.565, 2.11307
3.566, 2.11244
3.567, 2.11181
3.568, 2.11118
3.569, 2.11055
3.57, 2.10992
3.571, 2.10928
3.572, 2.10865
3.573, 2.10802
3.574, 2.10739
3.575, 2.10676
3.576, 2.10613
3.577, 2.10551
3.578, 2.10488
3.579, 2.10425
3.58, 2.10362
3.581, 2.10299
3.582, 2.10236
3.583, 2.10173
3.584, 2.1011
3.585, 2.10048
3.586, 2.09985
3.587, 2.09922
3.588, 2.09859
3.589, 2.09797
3.59, 2.09734
3.591, 2.09671
3.592, 2.09609
3.593, 2.09546
3.594, 2.09483
3.595, 2.09421
3.596, 2.09358
3.597, 2.09295
3.598, 2.09233
3.599, 2.0917
3.6, 2.09108
3.601, 2.09045
3.602, 2.08983
3.603, 2.0892
3.604, 2.08858
3.605, 2.08796
3.606, 2.08733
3.607, 2.08671
3.608, 2.08608
3.609, 2.08546
3.61, 2.08484
3.611, 2.08421
3.612, 2.08359
3.613, 2.08297
3.614, 2.08234
3.615, 2.08172
3.616, 2.0811
3.617, 2.08048
3.618, 2.07986
3.619, 2.07923
3.62, 2.07861
3.621, 2.07799
3.622, 2.07737
3.623, 2.07675
3.624, 2.07613
3.625, 2.07551
3.626, 2.07489
3.627, 2.07427
3.628, 2.07365
3.629, 2.07303
3.63, 2.07241
3.631, 2.07179
3.632, 2.07117
3.633, 2.07055
3.634, 2.06993
3.635, 2.06931
3.636, 2.06869
3.637, 2.06807
3.638, 2.06746
3.639, 2.06684
3.64, 2.06622
3.641, 2.0656
3.642, 2.06498
3.643, 2.06437
3.644, 2.06375
3.645, 2.06313
3.646, 2.06252
3.647, 2.0619
3.648, 2.06128
3.649, 2.06067
3.65, 2.06005
3.651, 2.05943
3.652, 2.05882
3.653, 2.0582
3.654, 2.05759
3.655, 2.05697
3.656, 2.05636
3.657, 2.05574
3.658, 2.05513
3.659, 2.05451
3.66, 2.0539
3.661, 2.05328
3.662, 2.05267
3.663, 2.05206
3.664, 2.05144
3.665, 2.05083
3.666, 2.05022
3.667, 2.0496
3.668, 2.04899
3.669, 2.04838
3.67, 2.04777
3.671, 2.04715
3.672, 2.04654
3.673, 2.04593
3.674, 2.04532
3.675, 2.04471
3.676, 2.04409
3.677, 2.04348
3.678, 2.04287
3.679, 2.04226
3.68, 2.04165
3.681, 2.04104
3.682, 2.04043
3.683, 2.03982
3.684, 2.03921
3.685, 2.0386
3.686, 2.03799
3.687, 2.03738
3.688, 2.03677
3.689, 2.03616
3.69, 2.03555
3.691, 2.03495
3.692, 2.03434
3.693, 2.03373
3.694, 2.03312
3.695, 2.03251
3.696, 2.0319
3.697, 2.0313
3.698, 2.03069
3.699, 2.03008
3.7, 2.02948
3.701, 2.02887
3.702, 2.02826
3.703, 2.02765
3.704, 2.02705
3.705, 2.02644
3.706, 2.02584
3.707, 2.02523
3.708, 2.02462
3.709, 2.02402
3.71, 2.02341
3.711, 2.02281
3.712, 2.0222
3.713, 2.0216
3.714, 2.02099
3.715, 2.02039
3.716, 2.01979
3.717, 2.01918
3.718, 2.01858
3.719, 2.01797
3.72, 2.01737
3.721, 2.01677
3.722, 2.01616
3.723, 2.01556
3.724, 2.01496
3.725, 2.01436
3.726, 2.01375
3.727, 2.01315
3.728, 2.01255
3.729, 2.01195
3.73, 2.01135
3.731, 2.01074
3.732, 2.01014
3.733, 2.00954
3.734, 2.00894
3.735, 2.00834
3.736, 2.00774
3.737, 2.00714
3.738, 2.00654
3.739, 2.00594
3.74, 2.00534
3.741, 2.00474
3.742, 2.00414
3.743, 2.00354
3.744, 2.00294
3.745, 2.00234
3.746, 2.00174
3.747, 2.00114
3.748, 2.00054
3.749, 1.99995
3.75, 1.99935
3.751, 1.99875
3.752, 1.99815
3.753, 1.99755
3.754, 1.99696
3.755, 1.99636
3.756, 1.99576
3.757, 1.99516
3.758, 1.99457
3.759, 1.99397
3.76, 1.99338
3.761, 1.99278
3.762, 1.99218
3.763, 1.99159
3.764, 1.99099
3.765, 1.9904
3.766, 1.9898
3.767, 1.9892
3.768, 1.98861
3.769, 1.98801
3.77, 1.98742
3.771, 1.98683
3.772, 1.98623
3.773, 1.98564
3.774, 1.98504
3.775, 1.98445
3.776, 1.98386
3.777, 1.98326
3.778, 1.98267
3.779, 1.98208
3.78, 1.98148
3.781, 1.98089
3.782, 1.9803
3.783, 1.97971
3.784, 1.97911
3.785, 1.97852
3.786, 1.97793
3.787, 1.97734
3.788, 1.97675
3.789, 1.97615
3.79, 1.97556
3.791, 1.97497
3.792, 1.97438
3.793, 1.97379
3.794, 1.9732
3.795, 1.97261
3.796, 1.97202
3.797, 1.97143
3.798, 1.97084
3.799, 1.97025
3.8, 1.96966
3.801, 1.96907
3.802, 1.96848
3.803, 1.96789
3.804, 1.96731
3.805, 1.96672
3.806, 1.96613
3.807, 1.96554
3.808, 1.96495
3.809, 1.96436
3.81, 1.96378
3.811, 1.96319
3.812, 1.9626
3.813, 1.96201
3.814, 1.96143
3.815, 1.96084
3.816, 1.96025
3.817, 1.95967
3.818, 1.95908
3.819, 1.95849
3.82, 1.95791
3.821, 1.95732
3.822, 1.95674
3.823, 1.95615
3.824, 1.95557
3.825, 1.95498
3.826, 1.9544
3.827, 1.95381
3.828, 1.95323
3.829, 1.95264
3.83, 1.95206
3.831, 1.95147
3.832, 1.95089
3.833, 1.95031
3.834, 1.94972
3.835, 1.94914
3.836, 1.94856
3.837, 1.94797
3.838, 1.94739
3.839, 1.94681
3.84, 1.94623
3.841, 1.94564
3.842, 1.94506
3.843, 1.94448
3.844, 1.9439
3.845, 1.94332
3.846, 1.94273
3.847, 1.94215
3.848, 1.94157
3.849, 1.94099
3.85, 1.94041
3.851, 1.93983
3.852, 1.93925
3.853, 1.93867
3.854, 1.93809
3.855, 1.93751
3.856, 1.93693
3.857, 1.93635
3.858, 1.93577
3.859, 1.93519
3.86, 1.93461
3.861, 1.93403
3.862, 1.93345
3.863, 1.93288
3.864, 1.9323
3.865, 1.93172
3.866, 1.93114
3.867, 1.93056
3.868, 1.92999
3.869, 1.92941
3.87, 1.92883
3.871, 1.92825
3.872, 1.92768
3.873, 1.9271
3.874, 1.92652
3.875, 1.92595
3.876, 1.92537
3.877, 1.92479
3.878, 1.92422
3.879, 1.92364
3.88, 1.92307
3.881, 1.92249
3.882, 1.92192
3.883, 1.92134
3.884, 1.92076
3.885, 1.92019
3.886, 1.91962
3.887, 1.91904
3.888, 1.91847
3.889, 1.91789
3.89, 1.91732
3.891, 1.91674
3.892, 1.91617
3.893, 1.9156
3.894, 1.91502
3.895, 1.91445
3.896, 1.91388
3.897, 1.91331
3.898, 1.91273
3.899, 1.91216
3.9, 1.91159
3.901, 1.91102
3.902, 1.91044
3.903, 1.90987
3.904, 1.9093
3.905, 1.90873
3.906, 1.90816
3.907, 1.90759
3.908, 1.90702
3.909, 1.90645
3.91, 1.90588
3.911, 1.9053
3.912, 1.90473
3.913, 1.90416
3.914, 1.90359
3.915, 1.90302
3.916, 1.90246
3.917, 1.90189
3.918, 1.90132
3.919, 1.90075
3.92, 1.90018
3.921, 1.89961
3.922, 1.89904
3.923, 1.89847
3.924, 1.8979
3.925, 1.89734
3.926, 1.89677
3.927, 1.8962
3.928, 1.89563
3.929, 1.89507
3.93, 1.8945
3.931, 1.89393
3.932, 1.89337
3.933, 1.8928
3.934, 1.89223
3.935, 1.89167
3.936, 1.8911
3.937, 1.89053
3.938, 1.88997
3.939, 1.8894
3.94, 1.88884
3.941, 1.88827
3.942, 1.88771
3.943, 1.88714
3.944, 1.88658
3.945, 1.88601
3.946, 1.88545
3.947, 1.88488
3.948, 1.88432
3.949, 1.88375
3.95, 1.88319
3.951, 1.88263
3.952, 1.88206
3.953, 1.8815
3.954, 1.88094
3.955, 1.88037
3.956, 1.87981
3.957, 1.87925
3.958, 1.87869
3.959, 1.87812
3.96, 1.87756
3.961, 1.877
3.962, 1.87644
3.963, 1.87588
3.964, 1.87531
3.965, 1.87475
3.966, 1.87419
3.967, 1.87363
3.968, 1.87307
3.969, 1.87251
3.97, 1.87195
3.971, 1.87139
3.972, 1.87083
3.973, 1.87027
3.974, 1.86971
3.975, 1.86915
3.976, 1.86859
3.977, 1.86803
3.978, 1.86747
3.979, 1.86691
3.98, 1.86635
3.981, 1.86579
3.982, 1.86523
3.983, 1.86468
3.984, 1.86412
3.985, 1.86356
3.986, 1.863
3.987, 1.86244
3.988, 1.86189
3.989, 1.86133
3.99, 1.86077
3.991, 1.86022
3.992, 1.85966
3.993, 1.8591
3.994, 1.85855
3.995, 1.85799
3.996, 1.85743
3.997, 1.85688
3.998, 1.85632
3.999, 1.85577
4, 1.85521
4.001, 1.85465
4.002, 1.8541
4.003, 1.85354
4.004, 1.85299
4.005, 1.85243
4.006, 1.85188
4.007, 1.85133
4.008, 1.85077
4.009, 1.85022
4.01, 1.84966
4.011, 1.84911
4.012, 1.84856
4.013, 1.848
4.014, 1.84745
4.015, 1.8469
4.016, 1.84634
4.017, 1.84579
4.018, 1.84524
4.019, 1.84469
4.02, 1.84413
4.021, 1.84358
4.022, 1.84303
4.023, 1.84248
4.024, 1.84193
4.025, 1.84137
4.026, 1.84082
4.027, 1.84027
4.028, 1.83972
4.029, 1.83917
4.03, 1.83862
4.031, 1.83807
4.032, 1.83752
4.033, 1.83697
4.034, 1.83642
4.035, 1.83587
4.036, 1.83532
4.037, 1.83477
4.038, 1.83422
4.039, 1.83367
4.04, 1.83312
4.041, 1.83257
4.042, 1.83202
4.043, 1.83148
4.044, 1.83093
4.045, 1.83038
4.046, 1.82983
4.047, 1.82928
4.048, 1.82874
4.049, 1.82819
4.05, 1.82764
4.051, 1.82709
4.052, 1.82655
4.053, 1.826
4.054, 1.82545
4.055, 1.82491
4.056, 1.82436
4.057, 1.82381
4.058, 1.82327
4.059, 1.82272
4.06, 1.82218
4.061, 1.82163
4.062, 1.82109
4.063, 1.82054
4.064, 1.81999
4.065, 1.81945
4.066, 1.81891
4.067, 1.81836
4.068, 1.81782
4.069, 1.81727
4.07, 1.81673
4.071, 1.81618
4.072, 1.81564
4.073, 1.8151
4.074, 1.81455
4.075, 1.81401
4.076, 1.81347
4.077, 1.81292
4.078, 1.81238
4.079, 1.81184
4.08, 1.8113
4.081, 1.81075
4.082, 1.81021
4.083, 1.80967
4.084, 1.80913
4.085, 1.80859
4.086, 1.80804
4.087, 1.8075
4.088, 1.80696
4.089, 1.80642
4.09, 1.80588
4.091, 1.80534
4.092, 1.8048
4.093, 1.80426
4.094, 1.80372
4.095, 1.80318
4.096, 1.80264
4.097, 1.8021
4.098, 1.80156
4.099, 1.80102
4.1, 1.80048
4.101, 1.79994
4.102, 1.7994
4.103, 1.79886
4.104, 1.79832
4.105, 1.79778
4.106, 1.79725
4.107, 1.79671
4.108, 1.79617
4.109, 1.79563
4.11, 1.79509
4.111, 1.79456
4.112, 1.79402
4.113, 1.79348
4.114, 1.79295
4.115, 1.79241
4.116, 1.79187
4.117, 1.79133
4.118, 1.7908
4.119, 1.79026
4.12, 1.78973
4.121, 1.78919
4.122, 1.78865
4.123, 1.78812
4.124, 1.78758
4.125, 1.78705
4.126, 1.78651
4.127, 1.78598
4.128, 1.78544
4.129, 1.78491
4.13, 1.78437
4.131, 1.78384
4.132, 1.78331
4.133, 1.78277
4.134, 1.78224
4.135, 1.7817
4.136, 1.78117
4.137, 1.78064
4.138, 1.7801
4.139, 1.77957
4.14, 1.77904
4.141, 1.7785
4.142, 1.77797
4.143, 1.77744
4.144, 1.77691
4.145, 1.77637
4.146, 1.77584
4.147, 1.77531
4.148, 1.77478
4.149, 1.77425
4.15, 1.77372
4.151, 1.77319
4.152, 1.77265
4.153, 1.77212
4.154, 1.77159
4.155, 1.77106
4.156, 1.77053
4.157, 1.77
4.158, 1.76947
4.159, 1.76894
4.16, 1.76841
4.161, 1.76788
4.162, 1.76735
4.163, 1.76682
4.164, 1.76629
4.165, 1.76577
4.166, 1.76524
4.167, 1.76471
4.168, 1.76418
4.169, 1.76365
4.17, 1.76312
4.171, 1.76259
4.172, 1.76207
4.173, 1.76154
4.174, 1.76101
4.175, 1.76048
4.176, 1.75996
4.177, 1.75943
4.178, 1.7589
4.179, 1.75838
4.18, 1.75785
4.181, 1.75732
4.182, 1.7568
4.183, 1.75627
4.184, 1.75574
4.185, 1.75522
4.186, 1.75469
4.187, 1.75417
4.188, 1.75364
4.189, 1.75312
4.19, 1.75259
4.191, 1.75207
4.192, 1.75154
4.193, 1.75102
4.194, 1.75049
4.195, 1.74997
4.196, 1.74944
4.197, 1.74892
4.198, 1.7484
4.199, 1.74787
4.2, 1.74735
4.201, 1.74683
4.202, 1.7463
4.203, 1.74578
4.204, 1.74526
4.205, 1.74473
4.206, 1.74421
4.207, 1.74369
4.208, 1.74317
4.209, 1.74264
4.21, 1.74212
4.211, 1.7416
4.212, 1.74108
4.213, 1.74056
4.214, 1.74004
4.215, 1.73952
4.216, 1.73899
4.217, 1.73847
4.218, 1.73795
4.219, 1.73743
4.22, 1.73691
4.221, 1.73639
4.222, 1.73587
4.223, 1.73535
4.224, 1.73483
4.225, 1.73431
4.226, 1.73379
4.227, 1.73327
4.228, 1.73275
4.229, 1.73224
4.23, 1.73172
4.231, 1.7312
4.232, 1.73068
4.233, 1.73016
4.234, 1.72964
4.235, 1.72912
4.236, 1.72861
4.237, 1.72809
4.238, 1.72757
4.239, 1.72705
4.24, 1.72654
4.241, 1.72602
4.242, 1.7255
4.243, 1.72499
4.244, 1.72447
4.245, 1.72395
4.246, 1.72344
4.247, 1.72292
4.248, 1.7224
4.249, 1.72189
4.25, 1.72137
4.251, 1.72086
4.252, 1.72034
4.253, 1.71982
4.254, 1.71931
4.255, 1.71879
4.256, 1.71828
4.257, 1.71777
4.258, 1.71725
4.259, 1.71674
4.26, 1.71622
4.261, 1.71571
4.262, 1.71519
4.263, 1.71468
4.264, 1.71417
4.265, 1.71365
4.266, 1.71314
4.267, 1.71263
4.268, 1.71211
4.269, 1.7116
4.27, 1.71109
4.271, 1.71058
4.272, 1.71006
4.273, 1.70955
4.274, 1.70904
4.275, 1.70853
4.276, 1.70801
4.277, 1.7075
4.278, 1.70699
4.279, 1.70648
4.28, 1.70597
4.281, 1.70546
4.282, 1.70495
4.283, 1.70444
4.284, 1.70393
4.285, 1.70342
4.286, 1.70291
4.287, 1.7024
4.288, 1.70189
4.289, 1.70138
4.29, 1.70087
4.291, 1.70036
4.292, 1.69985
4.293, 1.69934
4.294, 1.69883
4.295, 1.69832
4.296, 1.69781
4.297, 1.6973
4.298, 1.69679
4.299, 1.69629
4.3, 1.69578
4.301, 1.69527
4.302, 1.69476
4.303, 1.69425
4.304, 1.69375
4.305, 1.69324
4.306, 1.69273
4.307, 1.69222
4.308, 1.69172
4.309, 1.69121
4.31, 1.6907
4.311, 1.6902
4.312, 1.68969
4.313, 1.68918
4.314, 1.68868
4.315, 1.68817
4.316, 1.68767
4.317, 1.68716
4.318, 1.68666
4.319, 1.68615
4.32, 1.68565
4.321, 1.68514
4.322, 1.68464
4.323, 1.68413
4.324, 1.68363
4.325, 1.68312
4.326, 1.68262
4.327, 1.68211
4.328, 1.68161
4.329, 1.68111
4.33, 1.6806
4.331, 1.6801
4.332, 1.6796
4.333, 1.67909
4.334, 1.67859
4.335, 1.67809
4.336, 1.67758
4.337, 1.67708
4.338, 1.67658
4.339, 1.67608
4.34, 1.67557
4.341, 1.67507
4.342, 1.67457
4.343, 1.67407
4.344, 1.67357
4.345, 1.67307
4.346, 1.67256
4.347, 1.67206
4.348, 1.67156
4.349, 1.67106
4.35, 1.67056
4.351, 1.67006
4.352, 1.66956
4.353, 1.66906
4.354, 1.66856
4.355, 1.66806
4.356, 1.66756
4.357, 1.66706
4.358, 1.66656
4.359, 1.66606
4.36, 1.66556
4.361, 1.66506
4.362, 1.66456
4.363, 1.66407
4.364, 1.66357
4.365, 1.66307
4.366, 1.66257
4.367, 1.66207
4.368, 1.66157
4.369, 1.66108
4.37, 1.66058
4.371, 1.66008
4.372, 1.65958
4.373, 1.65909
4.374, 1.65859
4.375, 1.65809
4.376, 1.6576
4.377, 1.6571
4.378, 1.6566
4.379, 1.65611
4.38, 1.65561
4.381, 1.65511
4.382, 1.65462
4.383, 1.65412
4.384, 1.65363
4.385, 1.65313
4.386, 1.65264
4.387, 1.65214
4.388, 1.65165
4.389, 1.65115
4.39, 1.65066
4.391, 1.65016
4.392, 1.64967
4.393, 1.64917
4.394, 1.64868
4.395, 1.64819
4.396, 1.64769
4.397, 1.6472
4.398, 1.6467
4.399, 1.64621
4.4, 1.64572
4.401, 1.64522
4.402, 1.64473
4.403, 1.64424
4.404, 1.64375
4.405, 1.64325
4.406, 1.64276
4.407, 1.64227
4.408, 1.64178
4.409, 1.64129
4.41, 1.64079
4.411, 1.6403
4.412, 1.63981
4.413, 1.63932
4.414, 1.63883
4.415, 1.63834
4.416, 1.63785
4.417, 1.63736
4.418, 1.63686
4.419, 1.63637
4.42, 1.63588
4.421, 1.63539
4.422, 1.6349
4.423, 1.63441
4.424, 1.63392
4.425, 1.63343
4.426, 1.63295
4.427, 1.63246
4.428, 1.63197
4.429, 1.63148
4.43, 1.63099
4.431, 1.6305
4.432, 1.63001
4.433, 1.62952
4.434, 1.62903
4.435, 1.62855
4.436, 1.62806
4.437, 1.62757
4.438, 1.62708
4.439, 1.6266
4.44, 1.62611
4.441, 1.62562
4.442, 1.62513
4.443, 1.62465
4.444, 1.62416
4.445, 1.62367
4.446, 1.62319
4.447, 1.6227
4.448, 1.62221
4.449, 1.62173
4.45, 1.62124
4.451, 1.62076
4.452, 1.62027
4.453, 1.61979
4.454, 1.6193
4.455, 1.61881
4.456, 1.61833
4.457, 1.61784
4.458, 1.61736
4.459, 1.61688
4.46, 1.61639
4.461, 1.61591
4.462, 1.61542
4.463, 1.61494
4.464, 1.61445
4.465, 1.61397
4.466, 1.61349
4.467, 1.613
4.468, 1.61252
4.469, 1.61204
4.47, 1.61155
4.471, 1.61107
4.472, 1.61059
4.473, 1.61011
4.474, 1.60962
4.475, 1.60914
4.476, 1.60866
4.477, 1.60818
4.478, 1.60769
4.479, 1.60721
4.48, 1.60673
4.481, 1.60625
4.482, 1.60577
4.483, 1.60529
4.484, 1.60481
4.485, 1.60433
4.486, 1.60384
4.487, 1.60336
4.488, 1.60288
4.489, 1.6024
4.49, 1.60192
4.491, 1.60144
4.492, 1.60096
4.493, 1.60048
4.494, 1.6
4.495, 1.59952
4.496, 1.59904
4.497, 1.59857
4.498, 1.59809
4.499, 1.59761
4.5, 1.59713
4.501, 1.59665
4.502, 1.59617
4.503, 1.59569
4.504, 1.59522
4.505, 1.59474
4.506, 1.59426
4.507, 1.59378
4.508, 1.5933
4.509, 1.59283
4.51, 1.59235
4.511, 1.59187
4.512, 1.5914
4.513, 1.59092
4.514, 1.59044
4.515, 1.58996
4.516, 1.58949
4.517, 1.58901
4.518, 1.58854
4.519, 1.58806
4.52, 1.58758
4.521, 1.58711
4.522, 1.58663
4.523, 1.58616
4.524, 1.58568
4.525, 1.58521
4.526, 1.58473
4.527, 1.58426
4.528, 1.58378
4.529, 1.58331
4.53, 1.58283
4.531, 1.58236
4.532, 1.58188
4.533, 1.58141
4.534, 1.58094
4.535, 1.58046
4.536, 1.57999
4.537, 1.57952
4.538, 1.57904
4.539, 1.57857
4.54, 1.5781
4.541, 1.57762
4.542, 1.57715
4.543, 1.57668
4.544, 1.5762
4.545, 1.57573
4.546, 1.57526
4.547, 1.57479
4.548, 1.57432
4.549, 1.57384
4.55, 1.57337
4.551, 1.5729
4.552, 1.57243
4.553, 1.57196
4.554, 1.57149
4.555, 1.57102
4.556, 1.57055
4.557, 1.57007
4.558, 1.5696
4.559, 1.56913
4.56, 1.56866
4.561, 1.56819
4.562, 1.56772
4.563, 1.56725
4.564, 1.56678
4.565, 1.56631
4.566, 1.56585
4.567, 1.56538
4.568, 1.56491
4.569, 1.56444
4.57, 1.56397
4.571, 1.5635
4.572, 1.56303
4.573, 1.56256
4.574, 1.56209
4.575, 1.56163
4.576, 1.56116
4.577, 1.56069
4.578, 1.56022
4.579, 1.55976
4.58, 1.55929
4.581, 1.55882
4.582, 1.55835
4.583, 1.55789
4.584, 1.55742
4.585, 1.55695
4.586, 1.55649
4.587, 1.55602
4.588, 1.55555
4.589, 1.55509
4.59, 1.55462
4.591, 1.55416
4.592, 1.55369
4.593, 1.55322
4.594, 1.55276
4.595, 1.55229
4.596, 1.55183
4.597, 1.55136
4.598, 1.5509
4.599, 1.55043
4.6, 1.54997
4.601, 1.5495
4.602, 1.54904
4.603, 1.54857
4.604, 1.54811
4.605, 1.54765
4.606, 1.54718
4.607, 1.54672
4.608, 1.54626
4.609, 1.54579
4.61, 1.54533
4.611, 1.54487
4.612, 1.5444
4.613, 1.54394
4.614, 1.54348
4.615, 1.54301
4.616, 1.54255
4.617, 1.54209
4.618, 1.54163
4.619, 1.54117
4.62, 1.5407
4.621, 1.54024
4.622, 1.53978
4.623, 1.53932
4.624, 1.53886
4.625, 1.5384
4.626, 1.53794
4.627, 1.53747
4.628, 1.53701
4.629, 1.53655
4.63, 1.53609
4.631, 1.53563
4.632, 1.53517
4.633, 1.53471
4.634, 1.53425
4.635, 1.53379
4.636, 1.53333
4.637, 1.53287
4.638, 1.53241
4.639, 1.53195
4.64, 1.53149
4.641, 1.53104
4.642, 1.53058
4.643, 1.53012
4.644, 1.52966
4.645, 1.5292
4.646, 1.52874
4.647, 1.52828
4.648, 1.52783
4.649, 1.52737
4.65, 1.52691
4.651, 1.52645
4.652, 1.526
4.653, 1.52554
4.654, 1.52508
4.655, 1.52462
4.656, 1.52417
4.657, 1.52371
4.658, 1.52325
4.659, 1.5228
4.66, 1.52234
4.661, 1.52188
4.662, 1.52143
4.663, 1.52097
4.664, 1.52052
4.665, 1.52006
4.666, 1.5196
4.667, 1.51915
4.668, 1.51869
4.669, 1.51824
4.67, 1.51778
4.671, 1.51733
4.672, 1.51687
4.673, 1.51642
4.674, 1.51596
4.675, 1.51551
4.676, 1.51506
4.677, 1.5146
4.678, 1.51415
4.679, 1.51369
4.68, 1.51324
4.681, 1.51279
4.682, 1.51233
4.683, 1.51188
4.684, 1.51143
4.685, 1.51097
4.686, 1.51052
4.687, 1.51007
4.688, 1.50962
4.689, 1.50916
4.69, 1.50871
4.691, 1.50826
4.692, 1.50781
4.693, 1.50735
4.694, 1.5069
4.695, 1.50645
4.696, 1.506
4.697, 1.50555
4.698, 1.5051
4.699, 1.50465
4.7, 1.50419
4.701, 1.50374
4.702, 1.50329
4.703, 1.50284
4.704, 1.50239
4.705, 1.50194
4.706, 1.50149
4.707, 1.50104
4.708, 1.50059
4.709, 1.50014
4.71, 1.49969
4.711, 1.49924
4.712, 1.49879
4.713, 1.49834
4.714, 1.49789
4.715, 1.49745
4.716, 1.497
4.717, 1.49655
4.718, 1.4961
4.719, 1.49565
4.72, 1.4952
4.721, 1.49475
4.722, 1.49431
4.723, 1.49386
4.724, 1.49341
4.725, 1.49296
4.726, 1.49252
4.727, 1.49207
4.728, 1.49162
4.729, 1.49117
4.73, 1.49073
4.731, 1.49028
4.732, 1.48983
4.733, 1.48939
4.734, 1.48894
4.735, 1.48849
4.736, 1.48805
4.737, 1.4876
4.738, 1.48716
4.739, 1.48671
4.74, 1.48626
4.741, 1.48582
4.742, 1.48537
4.743, 1.48493
4.744, 1.48448
4.745, 1.48404
4.746, 1.48359
4.747, 1.48315
4.748, 1.4827
4.749, 1.48226
4.75, 1.48182
4.751, 1.48137
4.752, 1.48093
4.753, 1.48048
4.754, 1.48004
4.755, 1.4796
4.756, 1.47915
4.757, 1.47871
4.758, 1.47827
4.759, 1.47782
4.76, 1.47738
4.761, 1.47694
4.762, 1.47649
4.763, 1.47605
4.764, 1.47561
4.765, 1.47517
4.766, 1.47472
4.767, 1.47428
4.768, 1.47384
4.769, 1.4734
4.77, 1.47296
4.771, 1.47252
4.772, 1.47207
4.773, 1.47163
4.774, 1.47119
4.775, 1.47075
4.776, 1.47031
4.777, 1.46987
4.778, 1.46943
4.779, 1.46899
4.78, 1.46855
4.781, 1.46811
4.782, 1.46767
4.783, 1.46723
4.784, 1.46679
4.785, 1.46635
4.786, 1.46591
4.787, 1.46547
4.788, 1.46503
4.789, 1.46459
4.79, 1.46415
4.791, 1.46371
4.792, 1.46327
4.793, 1.46284
4.794, 1.4624
4.795, 1.46196
4.796, 1.46152
4.797, 1.46108
4.798, 1.46064
4.799, 1.46021
4.8, 1.45977
4.801, 1.45933
4.802, 1.45889
4.803, 1.45846
4.804, 1.45802
4.805, 1.45758
4.806, 1.45714
4.807, 1.45671
4.808, 1.45627
4.809, 1.45583
4.81, 1.4554
4.811, 1.45496
4.812, 1.45453
4.813, 1.45409
4.814, 1.45365
4.815, 1.45322
4.816, 1.45278
4.817, 1.45235
4.818, 1.45191
4.819, 1.45148
4.82, 1.45104
4.821, 1.45061
4.822, 1.45017
4.823, 1.44974
4.824, 1.4493
4.825, 1.44887
4.826, 1.44843
4.827, 1.448
4.828, 1.44756
4.829, 1.44713
4.83, 1.4467
4.831, 1.44626
4.832, 1.44583
4.833, 1.4454
4.834, 1.44496
4.835, 1.44453
4.836, 1.4441
4.837, 1.44366
4.838, 1.44323
4.839, 1.4428
4.84, 1.44237
4.841, 1.44193
4.842, 1.4415
4.843, 1.44107
4.844, 1.44064
4.845, 1.44021
4.846, 1.43977
4.847, 1.43934
4.848, 1.43891
4.849, 1.43848
4.85, 1.43805
4.851, 1.43762
4.852, 1.43719
4.853, 1.43676
4.854, 1.43632
4.855, 1.43589
4.856, 1.43546
4.857, 1.43503
4.858, 1.4346
4.859, 1.43417
4.86, 1.43374
4.861, 1.43331
4.862, 1.43288
4.863, 1.43245
4.864, 1.43202
4.865, 1.4316
4.866, 1.43117
4.867, 1.43074
4.868, 1.43031
4.869, 1.42988
4.87, 1.42945
4.871, 1.42902
4.872, 1.42859
4.873, 1.42817
4.874, 1.42774
4.875, 1.42731
4.876, 1.42688
4.877, 1.42645
4.878, 1.42603
4.879, 1.4256
4.88, 1.42517
4.881, 1.42474
4.882, 1.42432
4.883, 1.42389
4.884, 1.42346
4.885, 1.42304
4.886, 1.42261
4.887, 1.42218
4.888, 1.42176
4.889, 1.42133
4.89, 1.4209
4.891, 1.42048
4.892, 1.42005
4.893, 1.41963
4.894, 1.4192
4.895, 1.41878
4.896, 1.41835
4.897, 1.41793
4.898, 1.4175
4.899, 1.41708
4.9, 1.41665
4.901, 1.41623
4.902, 1.4158
4.903, 1.41538
4.904, 1.41495
4.905, 1.41453
4.906, 1.4141
4.907, 1.41368
4.908, 1.41326
4.909, 1.41283
4.91, 1.41241
4.911, 1.41199
4.912, 1.41156
4.913, 1.41114
4.914, 1.41072
4.915, 1.41029
4.916, 1.40987
4.917, 1.40945
4.918, 1.40902
4.919, 1.4086
4.92, 1.40818
4.921, 1.40776
4.922, 1.40734
4.923, 1.40691
4.924, 1.40649
4.925, 1.40607
4.926, 1.40565
4.927, 1.40523
4.928, 1.40481
4.929, 1.40439
4.93, 1.40396
4.931, 1.40354
4.932, 1.40312
4.933, 1.4027
4.934, 1.40228
4.935, 1.40186
4.936, 1.40144
4.937, 1.40102
4.938, 1.4006
4.939, 1.40018
4.94, 1.39976
4.941, 1.39934
4.942, 1.39892
4.943, 1.3985
4.944, 1.39808
4.945, 1.39766
4.946, 1.39724
4.947, 1.39683
4.948, 1.39641
4.949, 1.39599
4.95, 1.39557
4.951, 1.39515
4.952, 1.39473
4.953, 1.39432
4.954, 1.3939
4.955, 1.39348
4.956, 1.39306
4.957, 1.39264
4.958, 1.39223
4.959, 1.39181
4.96, 1.39139
4.961, 1.39097
4.962, 1.39056
4.963, 1.39014
4.964, 1.38972
4.965, 1.38931
4.966, 1.38889
4.967, 1.38847
4.968, 1.38806
4.969, 1.38764
4.97, 1.38723
4.971, 1.38681
4.972, 1.38639
4.973, 1.38598
4.974, 1.38556
4.975, 1.38515
4.976, 1.38473
4.977, 1.38432
4.978, 1.3839
4.979, 1.38349
4.98, 1.38307
4.981, 1.38266
4.982, 1.38224
4.983, 1.38183
4.984, 1.38141
4.985, 1.381
4.986, 1.38059
4.987, 1.38017
4.988, 1.37976
4.989, 1.37934
4.99, 1.37893
4.991, 1.37852
4.992, 1.3781
4.993, 1.37769
4.994, 1.37728
4.995, 1.37687
4.996, 1.37645
4.997, 1.37604
4.998, 1.37563
4.999, 1.37521
5, 1.3748
5.001, 1.37439
5.002, 1.37398
5.003, 1.37357
5.004, 1.37315
5.005, 1.37274
5.006, 1.37233
5.007, 1.37192
5.008, 1.37151
5.009, 1.3711
5.01, 1.37069
5.011, 1.37028
5.012, 1.36986
5.013, 1.36945
5.014, 1.36904
5.015, 1.36863
5.016, 1.36822
5.017, 1.36781
5.018, 1.3674
5.019, 1.36699
5.02, 1.36658
5.021, 1.36617
5.022, 1.36576
5.023, 1.36535
5.024, 1.36494
5.025, 1.36453
5.026, 1.36413
5.027, 1.36372
5.028, 1.36331
5.029, 1.3629
5.03, 1.36249
5.031, 1.36208
5.032, 1.36167
5.033, 1.36127
5.034, 1.36086
5.035, 1.36045
5.036, 1.36004
5.037, 1.35963
5.038, 1.35923
5.039, 1.35882
5.04, 1.35841
5.041, 1.358
5.042, 1.3576
5.043, 1.35719
5.044, 1.35678
5.045, 1.35638
5.046, 1.35597
5.047, 1.35556
5.048, 1.35516
5.049, 1.35475
5.05, 1.35434
5.051, 1.35394
5.052, 1.35353
5.053, 1.35313
5.054, 1.35272
5.055, 1.35231
5.056, 1.35191
5.057, 1.3515
5.058, 1.3511
5.059, 1.35069
5.06, 1.35029
5.061, 1.34988
5.062, 1.34948
5.063, 1.34907
5.064, 1.34867
5.065, 1.34827
5.066, 1.34786
5.067, 1.34746
5.068, 1.34705
5.069, 1.34665
5.07, 1.34625
5.071, 1.34584
5.072, 1.34544
5.073, 1.34503
5.074, 1.34463
5.075, 1.34423
5.076, 1.34383
5.077, 1.34342
5.078, 1.34302
5.079, 1.34262
5.08, 1.34221
5.081, 1.34181
5.082, 1.34141
5.083, 1.34101
5.084, 1.34061
5.085, 1.3402
5.086, 1.3398
5.087, 1.3394
5.088, 1.339
5.089, 1.3386
5.09, 1.3382
5.091, 1.33779
5.092, 1.33739
5.093, 1.33699
5.094, 1.33659
5.095, 1.33619
5.096, 1.33579
5.097, 1.33539
5.098, 1.33499
5.099, 1.33459
5.1, 1.33419
5.101, 1.33379
5.102, 1.33339
5.103, 1.33299
5.104, 1.33259
5.105, 1.33219
5.106, 1.33179
5.107, 1.33139
5.108, 1.33099
5.109, 1.33059
5.11, 1.33019
5.111, 1.32979
5.112, 1.3294
5.113, 1.329
5.114, 1.3286
5.115, 1.3282
5.116, 1.3278
5.117, 1.3274
5.118, 1.32701
5.119, 1.32661
5.12, 1.32621
5.121, 1.32581
5.122, 1.32542
5.123, 1.32502
5.124, 1.32462
5.125, 1.32422
5.126, 1.32383
5.127, 1.32343
5.128, 1.32303
5.129, 1.32264
5.13, 1.32224
5.131, 1.32184
5.132, 1.32145
5.133, 1.32105
5.134, 1.32065
5.135, 1.32026
5.136, 1.31986
5.137, 1.31947
5.138, 1.31907
5.139, 1.31868
5.14, 1.31828
5.141, 1.31788
5.142, 1.31749
5.143, 1.31709
5.144, 1.3167
5.145, 1.3163
5.146, 1.31591
5.147, 1.31552
5.148, 1.31512
5.149, 1.31473
5.15, 1.31433
5.151, 1.31394
5.152, 1.31354
5.153, 1.31315
5.154, 1.31276
5.155, 1.31236
5.156, 1.31197
5.157, 1.31158
5.158, 1.31118
5.159, 1.31079
5.16, 1.3104
5.161, 1.31
5.162, 1.30961
5.163, 1.30922
5.164, 1.30883
5.165, 1.30843
5.166, 1.30804
5.167, 1.30765
5.168, 1.30726
5.169, 1.30687
5.17, 1.30647
5.171, 1.30608
5.172, 1.30569
5.173, 1.3053
5.174, 1.30491
5.175, 1.30452
5.176, 1.30412
5.177, 1.30373
5.178, 1.30334
5.179, 1.30295
5.18, 1.30256
5.181, 1.30217
5.182, 1.30178
5.183, 1.30139
5.184, 1.301
5.185, 1.30061
5.186, 1.30022
5.187, 1.29983
5.188, 1.29944
5.189, 1.29905
5.19, 1.29866
5.191, 1.29827
5.192, 1.29788
5.193, 1.29749
5.194, 1.2971
5.195, 1.29671
5.196, 1.29633
5.197, 1.29594
5.198, 1.29555
5.199, 1.29516
5.2, 1.29477
5.201, 1.29438
5.202, 1.294
5.203, 1.29361
5.204, 1.29322
5.205, 1.29283
5.206, 1.29244
5.207, 1.29206
5.208, 1.29167
5.209, 1.29128
5.21, 1.29089
5.211, 1.29051
5.212, 1.29012
5.213, 1.28973
5.214, 1.28935
5.215, 1.28896
5.216, 1.28857
5.217, 1.28819
5.218, 1.2878
5.219, 1.28742
5.22, 1.28703
5.221, 1.28664
5.222, 1.28626
5.223, 1.28587
5.224, 1.28549
5.225, 1.2851
5.226, 1.28472
5.227, 1.28433
5.228, 1.28395
5.229, 1.28356
5.23, 1.28318
5.231, 1.28279
5.232, 1.28241
5.233, 1.28202
5.234, 1.28164
5.235, 1.28125
5.236, 1.28087
5.237, 1.28048
5.238, 1.2801
5.239, 1.27972
5.24, 1.27933
5.241, 1.27895
5.242, 1.27857
5.243, 1.27818
5.244, 1.2778
5.245, 1.27742
5.246, 1.27703
5.247, 1.27665
5.248, 1.27627
5.249, 1.27588
5.25, 1.2755
5.251, 1.27512
5.252, 1.27474
5.253, 1.27435
5.254, 1.27397
5.255, 1.27359
5.256, 1.27321
5.257, 1.27283
5.258, 1.27245
5.259, 1.27206
5.26, 1.27168
5.261, 1.2713
5.262, 1.27092
5.263, 1.27054
5.264, 1.27016
5.265, 1.26978
5.266, 1.2694
5.267, 1.26902
5.268, 1.26863
5.269, 1.26825
5.27, 1.26787
5.271, 1.26749
5.272, 1.26711
5.273, 1.26673
5.274, 1.26635
5.275, 1.26597
5.276, 1.26559
5.277, 1.26522
5.278, 1.26484
5.279, 1.26446
5.28, 1.26408
5.281, 1.2637
5.282, 1.26332
5.283, 1.26294
5.284, 1.26256
5.285, 1.26218
5.286, 1.2618
5.287, 1.26143
5.288, 1.26105
5.289, 1.26067
5.29, 1.26029
5.291, 1.25991
5.292, 1.25954
5.293, 1.25916
5.294, 1.25878
5.295, 1.2584
5.296, 1.25803
5.297, 1.25765
5.298, 1.25727
5.299, 1.25689
5.3, 1.25652
5.301, 1.25614
5.302, 1.25576
5.303, 1.25539
5.304, 1.25501
5.305, 1.25464
5.306, 1.25426
5.307, 1.25388
5.308, 1.25351
5.309, 1.25313
5.31, 1.25276
5.311, 1.25238
5.312, 1.252
5.313, 1.25163
5.314, 1.25125
5.315, 1.25088
5.316, 1.2505
5.317, 1.25013
5.318, 1.24975
5.319, 1.24938
5.32, 1.249
5.321, 1.24863
5.322, 1.24825
5.323, 1.24788
5.324, 1.24751
5.325, 1.24713
5.326, 1.24676
5.327, 1.24638
5.328, 1.24601
5.329, 1.24564
5.33, 1.24526
5.331, 1.24489
5.332, 1.24452
5.333, 1.24414
5.334, 1.24377
5.335, 1.2434
5.336, 1.24302
5.337, 1.24265
5.338, 1.24228
5.339, 1.24191
5.34, 1.24153
5.341, 1.24116
5.342, 1.24079
5.343, 1.24042
5.344, 1.24005
5.345, 1.23967
5.346, 1.2393
5.347, 1.23893
5.348, 1.23856
5.349, 1.23819
5.35, 1.23782
5.351, 1.23745
5.352, 1.23707
5.353, 1.2367
5.354, 1.23633
5.355, 1.23596
5.356, 1.23559
5.357, 1.23522
5.358, 1.23485
5.359, 1.23448
5.36, 1.23411
5.361, 1.23374
5.362, 1.23337
5.363, 1.233
5.364, 1.23263
5.365, 1.23226
5.366, 1.23189
5.367, 1.23152
5.368, 1.23115
5.369, 1.23078
5.37, 1.23041
5.371, 1.23004
5.372, 1.22968
5.373, 1.22931
5.374, 1.22894
5.375, 1.22857
5.376, 1.2282
5.377, 1.22783
5.378, 1.22746
5.379, 1.2271
5.38, 1.22673
5.381, 1.22636
5.382, 1.22599
5.383, 1.22563
5.384, 1.22526
5.385, 1.22489
5.386, 1.22452
5.387, 1.22416
5.388, 1.22379
5.389, 1.22342
5.39, 1.22306
5.391, 1.22269
5.392, 1.22232
5.393, 1.22196
5.394, 1.22159
5.395, 1.22122
5.396, 1.22086
5.397, 1.22049
5.398, 1.22012
5.399, 1.21976
5.4, 1.21939
5.401, 1.21903
5.402, 1.21866
5.403, 1.2183
5.404, 1.21793
5.405, 1.21757
5.406, 1.2172
5.407, 1.21684
5.408, 1.21647
5.409, 1.21611
5.41, 1.21574
5.411, 1.21538
5.412, 1.21501
5.413, 1.21465
5.414, 1.21428
5.415, 1.21392
5.416, 1.21356
5.417, 1.21319
5.418, 1.21283
5.419, 1.21246
5.42, 1.2121
5.421, 1.21174
5.422, 1.21137
5.423, 1.21101
5.424, 1.21065
5.425, 1.21028
5.426, 1.20992
5.427, 1.20956
5.428, 1.2092
5.429, 1.20883
5.43, 1.20847
5.431, 1.20811
5.432, 1.20775
5.433, 1.20738
5.434, 1.20702
5.435, 1.20666
5.436, 1.2063
5.437, 1.20594
5.438, 1.20557
5.439, 1.20521
5.44, 1.20485
5.441, 1.20449
5.442, 1.20413
5.443, 1.20377
5.444, 1.20341
5.445, 1.20305
5.446, 1.20268
5.447, 1.20232
5.448, 1.20196
5.449, 1.2016
5.45, 1.20124
5.451, 1.20088
5.452, 1.20052
5.453, 1.20016
5.454, 1.1998
5.455, 1.19944
5.456, 1.19908
5.457, 1.19872
5.458, 1.19836
5.459, 1.198
5.46, 1.19765
5.461, 1.19729
5.462, 1.19693
5.463, 1.19657
5.464, 1.19621
5.465, 1.19585
5.466, 1.19549
5.467, 1.19513
5.468, 1.19478
5.469, 1.19442
5.47, 1.19406
5.471, 1.1937
5.472, 1.19334
5.473, 1.19298
5.474, 1.19263
5.475, 1.19227
5.476, 1.19191
5.477, 1.19155
5.478, 1.1912
5.479, 1.19084
5.48, 1.19048
5.481, 1.19013
5.482, 1.18977
5.483, 1.18941
5.484, 1.18906
5.485, 1.1887
5.486, 1.18834
5.487, 1.18799
5.488, 1.18763
5.489, 1.18727
5.49, 1.18692
5.491, 1.18656
5.492, 1.18621
5.493, 1.18585
5.494, 1.18549
5.495, 1.18514
5.496, 1.18478
5.497, 1.18443
5.498, 1.18407
5.499, 1.18372
5.5, 1.18336
5.501, 1.18301
5.502, 1.18265
5.503, 1.1823
5.504, 1.18194
5.505, 1.18159
5.506, 1.18124
5.507, 1.18088
5.508, 1.18053
5.509, 1.18017
5.51, 1.17982
5.511, 1.17946
5.512, 1.17911
5.513, 1.17876
5.514, 1.1784
5.515, 1.17805
5.516, 1.1777
5.517, 1.17734
5.518, 1.17699
5.519, 1.17664
5.52, 1.17629
5.521, 1.17593
5.522, 1.17558
5.523, 1.17523
5.524, 1.17488
5.525, 1.17452
5.526, 1.17417
5.527, 1.17382
5.528, 1.17347
5.529, 1.17311
5.53, 1.17276
5.531, 1.17241
5.532, 1.17206
5.533, 1.17171
5.534, 1.17136
5.535, 1.17101
5.536, 1.17065
5.537, 1.1703
5.538, 1.16995
5.539, 1.1696
5.54, 1.16925
5.541, 1.1689
5.542, 1.16855
5.543, 1.1682
5.544, 1.16785
5.545, 1.1675
5.546, 1.16715
5.547, 1.1668
5.548, 1.16645
5.549, 1.1661
5.55, 1.16575
5.551, 1.1654
5.552, 1.16505
5.553, 1.1647
5.554, 1.16435
5.555, 1.164
5.556, 1.16365
5.557, 1.1633
5.558, 1.16295
5.559, 1.16261
5.56, 1.16226
5.561, 1.16191
5.562, 1.16156
5.563, 1.16121
5.564, 1.16086
5.565, 1.16052
5.566, 1.16017
5.567, 1.15982
5.568, 1.15947
5.569, 1.15912
5.57, 1.15878
5.571, 1.15843
5.572, 1.15808
5.573, 1.15773
5.574, 1.15739
5.575, 1.15704
5.576, 1.15669
5.577, 1.15635
5.578, 1.156
5.579, 1.15565
5.58, 1.15531
5.581, 1.15496
5.582, 1.15461
5.583, 1.15427
5.584, 1.15392
5.585, 1.15357
5.586, 1.15323
5.587, 1.15288
5.588, 1.15254
5.589, 1.15219
5.59, 1.15185
5.591, 1.1515
5.592, 1.15116
5.593, 1.15081
5.594, 1.15046
5.595, 1.15012
5.596, 1.14978
5.597, 1.14943
5.598, 1.14909
5.599, 1.14874
5.6, 1.1484
5.601, 1.14805
5.602, 1.14771
5.603, 1.14736
5.604, 1.14702
5.605, 1.14668
5.606, 1.14633
5.607, 1.14599
5.608, 1.14564
5.609, 1.1453
5.61, 1.14496
5.611, 1.14461
5.612, 1.14427
5.613, 1.14393
5.614, 1.14358
5.615, 1.14324
5.616, 1.1429
5.617, 1.14256
5.618, 1.14221
5.619, 1.14187
5.62, 1.14153
5.621, 1.14119
5.622, 1.14084
5.623, 1.1405
5.624, 1.14016
5.625, 1.13982
5.626, 1.13948
5.627, 1.13913
5.628, 1.13879
5.629, 1.13845
5.63, 1.13811
5.631, 1.13777
5.632, 1.13743
5.633, 1.13709
5.634, 1.13674
5.635, 1.1364
5.636, 1.13606
5.637, 1.13572
5.638, 1.13538
5.639, 1.13504
5.64, 1.1347
5.641, 1.13436
5.642, 1.13402
5.643, 1.13368
5.644, 1.13334
5.645, 1.133
5.646, 1.13266
5.647, 1.13232
5.648, 1.13198
5.649, 1.13164
5.65, 1.1313
5.651, 1.13096
5.652, 1.13062
5.653, 1.13028
5.654, 1.12995
5.655, 1.12961
5.656, 1.12927
5.657, 1.12893
5.658, 1.12859
5.659, 1.12825
5.66, 1.12791
5.661, 1.12758
5.662, 1.12724
5.663, 1.1269
5.664, 1.12656
5.665, 1.12622
5.666, 1.12589
5.667, 1.12555
5.668, 1.12521
5.669, 1.12487
5.67, 1.12454
5.671, 1.1242
5.672, 1.12386
5.673, 1.12352
5.674, 1.12319
5.675, 1.12285
5.676, 1.12251
5.677, 1.12218
5.678, 1.12184
5.679, 1.1215
5.68, 1.12117
5.681, 1.12083
5.682, 1.1205
5.683, 1.12016
5.684, 1.11982
5.685, 1.11949
5.686, 1.11915
5.687, 1.11882
5.688, 1.11848
5.689, 1.11815
5.69, 1.11781
5.691, 1.11747
5.692, 1.11714
5.693, 1.1168
5.694, 1.11647
5.695, 1.11614
5.696, 1.1158
5.697, 1.11547
5.698, 1.11513
5.699, 1.1148
5.7, 1.11446
5.701, 1.11413
5.702, 1.11379
5.703, 1.11346
5.704, 1.11313
5.705, 1.11279
5.706, 1.11246
5.707, 1.11212
5.708, 1.11179
5.709, 1.11146
5.71, 1.11112
5.711, 1.11079
5.712, 1.11046
5.713, 1.11013
5.714, 1.10979
5.715, 1.10946
5.716, 1.10913
5.717, 1.10879
5.718, 1.10846
5.719, 1.10813
5.72, 1.1078
5.721, 1.10746
5.722, 1.10713
5.723, 1.1068
5.724, 1.10647
5.725, 1.10614
5.726, 1.1058
5.727, 1.10547
5.728, 1.10514
5.729, 1.10481
5.73, 1.10448
5.731, 1.10415
5.732, 1.10382
5.733, 1.10349
5.734, 1.10315
5.735, 1.10282
5.736, 1.10249
5.737, 1.10216
5.738, 1.10183
5.739, 1.1015
5.74, 1.10117
5.741, 1.10084
5.742, 1.10051
5.743, 1.10018
5.744, 1.09985
5.745, 1.09952
5.746, 1.09919
5.747, 1.09886
5.748, 1.09853
5.749, 1.0982
5.75, 1.09787
5.751, 1.09754
5.752, 1.09721
5.753, 1.09689
5.754, 1.09656
5.755, 1.09623
5.756, 1.0959
5.757, 1.09557
5.758, 1.09524
5.759, 1.09491
5.76, 1.09458
5.761, 1.09426
5.762, 1.09393
5.763, 1.0936
5.764, 1.09327
5.765, 1.09294
5.766, 1.09262
5.767, 1.09229
5.768, 1.09196
5.769, 1.09163
5.77, 1.09131
5.771, 1.09098
5.772, 1.09065
5.773, 1.09032
5.774, 1.09
5.775, 1.08967
5.776, 1.08934
5.777, 1.08902
5.778, 1.08869
5.779, 1.08836
5.78, 1.08804
5.781, 1.08771
5.782, 1.08739
5.783, 1.08706
5.784, 1.08673
5.785, 1.08641
5.786, 1.08608
5.787, 1.08576
5.788, 1.08543
5.789, 1.0851
5.79, 1.08478
5.791, 1.08445
5.792, 1.08413
5.793, 1.0838
5.794, 1.08348
5.795, 1.08315
5.796, 1.08283
5.797, 1.0825
5.798, 1.08218
5.799, 1.08185
5.8, 1.08153
5.801, 1.08121
5.802, 1.08088
5.803, 1.08056
5.804, 1.08023
5.805, 1.07991
5.806, 1.07959
5.807, 1.07926
5.808, 1.07894
5.809, 1.07861
5.81, 1.07829
5.811, 1.07797
5.812, 1.07764
5.813, 1.07732
5.814, 1.077
5.815, 1.07667
5.816, 1.07635
5.817, 1.07603
5.818, 1.07571
5.819, 1.07538
5.82, 1.07506
5.821, 1.07474
5.822, 1.07442
5.823, 1.07409
5.824, 1.07377
5.825, 1.07345
5.826, 1.07313
5.827, 1.07281
5.828, 1.07248
5.829, 1.07216
5.83, 1.07184
5.831, 1.07152
5.832, 1.0712
5.833, 1.07088
5.834, 1.07056
5.835, 1.07024
5.836, 1.06991
5.837, 1.06959
5.838, 1.06927
5.839, 1.06895
5.84, 1.06863
5.841, 1.06831
5.842, 1.06799
5.843, 1.06767
5.844, 1.06735
5.845, 1.06703
5.846, 1.06671
5.847, 1.06639
5.848, 1.06607
5.849, 1.06575
5.85, 1.06543
5.851, 1.06511
5.852, 1.06479
5.853, 1.06447
5.854, 1.06415
5.855, 1.06383
5.856, 1.06351
5.857, 1.0632
5.858, 1.06288
5.859, 1.06256
5.86, 1.06224
5.861, 1.06192
5.862, 1.0616
5.863, 1.06128
5.864, 1.06097
5.865, 1.06065
5.866, 1.06033
5.867, 1.06001
5.868, 1.05969
5.869, 1.05938
5.87, 1.05906
5.871, 1.05874
5.872, 1.05842
5.873, 1.05811
5.874, 1.05779
5.875, 1.05747
5.876, 1.05715
5.877, 1.05684
5.878, 1.05652
5.879, 1.0562
5.88, 1.05589
5.881, 1.05557
5.882, 1.05525
5.883, 1.05494
5.884, 1.05462
5.885, 1.0543
5.886, 1.05399
5.887, 1.05367
5.888, 1.05336
5.889, 1.05304
5.89, 1.05272
5.891, 1.05241
5.892, 1.05209
5.893, 1.05178
5.894, 1.05146
5.895, 1.05115
5.896, 1.05083
5.897, 1.05052
5.898, 1.0502
5.899, 1.04989
5.9, 1.04957
5.901, 1.04926
5.902, 1.04894
5.903, 1.04863
5.904, 1.04831
5.905, 1.048
5.906, 1.04768
5.907, 1.04737
5.908, 1.04705
5.909, 1.04674
5.91, 1.04643
5.911, 1.04611
5.912, 1.0458
5.913, 1.04549
5.914, 1.04517
5.915, 1.04486
5.916, 1.04455
5.917, 1.04423
5.918, 1.04392
5.919, 1.04361
5.92, 1.04329
5.921, 1.04298
5.922, 1.04267
5.923, 1.04235
5.924, 1.04204
5.925, 1.04173
5.926, 1.04142
5.927, 1.0411
5.928, 1.04079
5.929, 1.04048
5.93, 1.04017
5.931, 1.03986
5.932, 1.03954
5.933, 1.03923
5.934, 1.03892
5.935, 1.03861
5.936, 1.0383
5.937, 1.03799
5.938, 1.03767
5.939, 1.03736
5.94, 1.03705
5.941, 1.03674
5.942, 1.03643
5.943, 1.03612
5.944, 1.03581
5.945, 1.0355
5.946, 1.03519
5.947, 1.03488
5.948, 1.03457
5.949, 1.03426
5.95, 1.03395
5.951, 1.03364
5.952, 1.03333
5.953, 1.03302
5.954, 1.03271
5.955, 1.0324
5.956, 1.03209
5.957, 1.03178
5.958, 1.03147
5.959, 1.03116
5.96, 1.03085
5.961, 1.03054
5.962, 1.03023
5.963, 1.02992
5.964, 1.02961
5.965, 1.0293
5.966, 1.029
5.967, 1.02869
5.968, 1.02838
5.969, 1.02807
5.97, 1.02776
5.971, 1.02745
5.972, 1.02715
5.973, 1.02684
5.974, 1.02653
5.975, 1.02622
5.976, 1.02591
5.977, 1.02561
5.978, 1.0253
5.979, 1.02499
5.98, 1.02468
5.981, 1.02438
5.982, 1.02407
5.983, 1.02376
5.984, 1.02345
5.985, 1.02315
5.986, 1.02284
5.987, 1.02253
5.988, 1.02223
5.989, 1.02192
5.99, 1.02161
5.991, 1.02131
5.992, 1.021
5.993, 1.0207
5.994, 1.02039
5.995, 1.02008
5.996, 1.01978
5.997, 1.01947
5.998, 1.01917
5.999, 1.01886
6, 1.01855
