0, 0.911106
0.001, 0.909288
0.002, 0.907479
0.003, 0.905678
0.004, 0.903886
0.005, 0.902103
0.006, 0.900328
0.007, 0.898562
0.008, 0.896804
0.009, 0.895054
0.01, 0.893313
0.011, 0.89158
0.012, 0.889855
0.013, 0.888138
0.014, 0.886429
0.015, 0.884729
0.016, 0.883036
0.017, 0.881351
0.018, 0.879674
0.019, 0.878005
0.02, 0.876343
0.021, 0.874689
0.022, 0.873043
0.023, 0.871404
0.024, 0.869773
0.025, 0.86815
0.026, 0.866534
0.027, 0.864925
0.028, 0.863324
0.029, 0.86173
0.03, 0.860143
0.031, 0.858564
0.032, 0.856991
0.033, 0.855426
0.034, 0.853868
0.035, 0.852317
0.036, 0.850773
0.037, 0.849236
0.038, 0.847705
0.039, 0.846182
0.04, 0.844666
0.041, 0.843156
0.042, 0.841653
0.043, 0.840157
0.044, 0.838667
0.045, 0.837184
0.046, 0.835707
0.047, 0.834237
0.048, 0.832774
0.049, 0.831317
0.05, 0.829866
0.051, 0.828422
0.052, 0.826984
0.053, 0.825553
0.054, 0.824127
0.055, 0.822708
0.056, 0.821295
0.057, 0.819889
0.058, 0.818488
0.059, 0.817093
0.06, 0.815705
0.061, 0.814322
0.062, 0.812946
0.063, 0.811575
0.064, 0.81021
0.065, 0.808851
0.066, 0.807498
0.067, 0.806151
0.068, 0.804809
0.069, 0.803473
0.07, 0.802143
0.071, 0.800819
0.072, 0.7995
0.073, 0.798187
0.074, 0.796879
0.075, 0.795577
0.076, 0.79428
0.077, 0.792989
0.078, 0.791703
0.079, 0.790423
0.08, 0.789147
0.081, 0.787878
0.082, 0.786613
0.083, 0.785354
0.084, 0.7841
0.085, 0.782851
0.086, 0.781608
0.087, 0.780369
0.088, 0.779136
0.089, 0.777908
0.09, 0.776685
0.091, 0.775467
0.092, 0.774254
0.093, 0.773046
0.094, 0.771843
0.095, 0.770644
0.096, 0.769451
0.097, 0.768263
0.098, 0.767079
0.099, 0.7659
0.1, 0.764726
0.101, 0.763557
0.102, 0.762392
0.103, 0.761233
0.104, 0.760077
0.105, 0.758927
0.106, 0.757781
0.107, 0.75664
0.108, 0.755503
0.109, 0.754371
0.11, 0.753243
0.111, 0.75212
0.112, 0.751002
0.113, 0.749887
0.114, 0.748778
0.115, 0.747672
0.116, 0.746571
0.117, 0.745475
0.118, 0.744383
0.119, 0.743295
0.12, 0.742211
0.121, 0.741131
0.122, 0.740056
0.123, 0.738985
0.124, 0.737919
0.125, 0.736856
0.126, 0.735798
0.127, 0.734743
0.128, 0.733693
0.129, 0.732647
0.13, 0.731605
0.131, 0.730567
0.132, 0.729533
0.133, 0.728503
0.134, 0.727477
0.135, 0.726455
0.136, 0.725437
0.137, 0.724422
0.138, 0.723412
0.139, 0.722406
0.14, 0.721403
0.141, 0.720404
0.142, 0.719409
0.143, 0.718418
0.144, 0.717431
0.145, 0.716447
0.146, 0.715467
0.147, 0.714491
0.148, 0.713519
0.149, 0.71255
0.15, 0.711585
0.151, 0.710623
0.152, 0.709665
0.153, 0.708711
0.154, 0.70776
0.155, 0.706813
0.156, 0.705869
0.157, 0.704929
0.158, 0.703993
0.159, 0.70306
0.16, 0.70213
0.161, 0.701204
0.162, 0.700281
0.163, 0.699362
0.164, 0.698446
0.165, 0.697533
0.166, 0.696624
0.167, 0.695719
0.168, 0.694816
0.169, 0.693917
0.17, 0.693021
0.171, 0.692129
0.172, 0.691239
0.173, 0.690353
0.174, 0.689471
0.175, 0.688591
0.176, 0.687715
0.177, 0.686842
0.178, 0.685972
0.179, 0.685105
0.18, 0.684241
0.181, 0.683381
0.182, 0.682523
0.183, 0.681669
0.184, 0.680818
0.185, 0.67997
0.186, 0.679125
0.187, 0.678282
0.188, 0.677443
0.189, 0.676607
0.19, 0.675774
0.191, 0.674944
0.192, 0.674117
0.193, 0.673293
0.194, 0.672472
0.195, 0.671653
0.196, 0.670838
0.197, 0.670025
0.198, 0.669216
0.199, 0.668409
0.2, 0.667605
0.201, 0.666804
0.202, 0.666006
0.203, 0.66521
0.204, 0.664418
0.205, 0.663628
0.206, 0.662841
0.207, 0.662057
0.208, 0.661275
0.209, 0.660496
0.21, 0.65972
0.211, 0.658947
0.212, 0.658176
0.213, 0.657408
0.214, 0.656642
0.215, 0.65588
0.216, 0.65512
0.217, 0.654362
0.218, 0.653607
0.219, 0.652855
0.22, 0.652106
0.221, 0.651359
0.222, 0.650614
0.223, 0.649872
0.224, 0.649133
0.225, 0.648396
0.226, 0.647662
0.227, 0.64693
0.228, 0.646201
0.229, 0.645474
0.23, 0.64475
0.231, 0.644028
0.232, 0.643308
0.233, 0.642591
0.234, 0.641877
0.235, 0.641165
0.236, 0.640455
0.237, 0.639748
0.238, 0.639043
0.239, 0.63834
0.24, 0.63764
0.241, 0.636942
0.242, 0.636247
0.243, 0.635554
0.244, 0.634863
0.245, 0.634175
0.246, 0.633488
0.247, 0.632805
0.248, 0.632123
0.249, 0.631444
0.25, 0.630767
0.251, 0.630092
0.252, 0.629419
0.253, 0.628749
0.254, 0.628081
0.255, 0.627415
0.256, 0.626751
0.257, 0.62609
0.258, 0.62543
0.259, 0.624773
0.26, 0.624118
0.261, 0.623465
0.262, 0.622815
0.263, 0.622166
0.264, 0.62152
0.265, 0.620876
0.266, 0.620233
0.267, 0.619593
0.268, 0.618955
0.269, 0.618319
0.27, 0.617686
0.271, 0.617054
0.272, 0.616424
0.273, 0.615796
0.274, 0.615171
0.275, 0.614547
0.276, 0.613926
0.277, 0.613306
0.278, 0.612688
0.279, 0.612073
0.28, 0.611459
0.281, 0.610848
0.282, 0.610238
0.283, 0.60963
0.284, 0.609024
0.285, 0.608421
0.286, 0.607819
0.287, 0.607219
0.288, 0.606621
0.289, 0.606025
0.29, 0.60543
0.291, 0.604838
0.292, 0.604248
0.293, 0.603659
0.294, 0.603072
0.295, 0.602487
0.296, 0.601904
0.297, 0.601323
0.298, 0.600744
0.299, 0.600167
0.3, 0.599591
0.301, 0.599017
0.302, 0.598445
0.303, 0.597875
0.304, 0.597306
0.305, 0.59674
0.306, 0.596175
0.307, 0.595612
0.308, 0.59505
0.309, 0.594491
0.31, 0.593933
0.311, 0.593377
0.312, 0.592822
0.313, 0.59227
0.314, 0.591719
0.315, 0.59117
0.316, 0.590622
0.317, 0.590076
0.318, 0.589532
0.319, 0.58899
0.32, 0.588449
0.321, 0.58791
0.322, 0.587373
0.323, 0.586837
0.324, 0.586303
0.325, 0.58577
0.326, 0.585239
0.327, 0.58471
0.328, 0.584183
0.329, 0.583657
0.33, 0.583132
0.331, 0.58261
0.332, 0.582089
0.333, 0.581569
0.334, 0.581051
0.335, 0.580535
0.336, 0.58002
0.337, 0.579507
0.338, 0.578995
0.339, 0.578485
0.34, 0.577976
0.341, 0.577469
0.342, 0.576964
0.343, 0.57646
0.344, 0.575957
0.345, 0.575456
0.346, 0.574957
0.347, 0.574459
0.348, 0.573962
0.349, 0.573467
0.35, 0.572974
0.351, 0.572482
0.352, 0.571992
0.353, 0.571502
0.354, 0.571015
0.355, 0.570529
0.356, 0.570044
0.357, 0.569561
0.358, 0.569079
0.359, 0.568599
0.36, 0.56812
0.361, 0.567642
0.362, 0.567166
0.363, 0.566692
0.364, 0.566219
0.365, 0.565747
0.366, 0.565276
0.367, 0.564807
0.368, 0.56434
0.369, 0.563873
0.37, 0.563408
0.371, 0.562945
0.372, 0.562483
0.373, 0.562022
0.374, 0.561562
0.375, 0.561104
0.376, 0.560648
0.377, 0.560192
0.378, 0.559738
0.379, 0.559285
0.38, 0.558834
0.381, 0.558384
0.382, 0.557935
0.383, 0.557487
0.384, 0.557041
0.385, 0.556596
0.386, 0.556153
0.387, 0.55571
0.388, 0.555269
0.389, 0.55483
0.39, 0.554391
0.391, 0.553954
0.392, 0.553518
0.393, 0.553083
0.394, 0.55265
0.395, 0.552218
0.396, 0.551787
0.397, 0.551357
0.398, 0.550928
0.399, 0.550501
0.4, 0.550075
0.401, 0.54965
0.402, 0.549227
0.403, 0.548805
0.404, 0.548383
0.405, 0.547963
0.406, 0.547545
0.407, 0.547127
0.408, 0.546711
0.409, 0.546296
0.41, 0.545882
0.411, 0.545469
0.412, 0.545057
0.413, 0.544647
0.414, 0.544237
0.415, 0.543829
0.416, 0.543422
0.417, 0.543017
0.418, 0.542612
0.419, 0.542208
0.42, 0.541806
0.421, 0.541405
0.422, 0.541004
0.423, 0.540605
0.424, 0.540208
0.425, 0.539811
0.426, 0.539415
0.427, 0.539021
0.428, 0.538627
0.429, 0.538235
0.43, 0.537844
0.431, 0.537454
0.432, 0.537064
0.433, 0.536677
0.434, 0.53629
0.435, 0.535904
0.436, 0.535519
0.437, 0.535135
0.438, 0.534753
0.439, 0.534371
0.44, 0.533991
0.441, 0.533612
0.442, 0.533233
0.443, 0.532856
0.444, 0.53248
0.445, 0.532104
0.446, 0.53173
0.447, 0.531357
0.448, 0.530985
0.449, 0.530614
0.45, 0.530244
0.451, 0.529875
0.452, 0.529507
0.453, 0.52914
0.454, 0.528774
0.455, 0.528409
0.456, 0.528045
0.457, 0.527682
0.458, 0.52732
0.459, 0.526959
0.46, 0.526599
0.461, 0.52624
0.462, 0.525881
0.463, 0.525524
0.464, 0.525168
0.465, 0.524813
0.466, 0.524459
0.467, 0.524106
0.468, 0.523753
0.469, 0.523402
0.47, 0.523052
0.471, 0.522702
0.472, 0.522354
0.473, 0.522006
0.474, 0.52166
0.475, 0.521314
0.476, 0.52097
0.477, 0.520626
0.478, 0.520283
0.479, 0.519941
0.48, 0.5196
0.481, 0.51926
0.482, 0.518921
0.483, 0.518582
0.484, 0.518245
0.485, 0.517909
0.486, 0.517573
0.487, 0.517238
0.488, 0.516905
0.489, 0.516572
0.49, 0.51624
0.491, 0.515909
0.492, 0.515579
0.493, 0.515249
0.494, 0.514921
0.495, 0.514593
0.496, 0.514267
0.497, 0.513941
0.498, 0.513616
0.499, 0.513292
0.5, 0.512969
0.501, 0.512646
0.502, 0.512325
0.503, 0.512004
0.504, 0.511684
0.505, 0.511365
0.506, 0.511047
0.507, 0.51073
0.508, 0.510413
0.509, 0.510098
0.51, 0.509783
0.511, 0.509469
0.512, 0.509156
0.513, 0.508844
0.514, 0.508532
0.515, 0.508221
0.516, 0.507912
0.517, 0.507602
0.518, 0.507294
0.519, 0.506987
0.52, 0.50668
0.521, 0.506374
0.522, 0.506069
0.523, 0.505765
0.524, 0.505462
0.525, 0.505159
0.526, 0.504857
0.527, 0.504556
0.528, 0.504256
0.529, 0.503956
0.53, 0.503658
0.531, 0.50336
0.532, 0.503062
0.533, 0.502766
0.534, 0.50247
0.535, 0.502176
0.536, 0.501881
0.537, 0.501588
0.538, 0.501295
0.539, 0.501004
0.54, 0.500713
0.541, 0.500422
0.542, 0.500133
0.543, 0.499844
0.544, 0.499556
0.545, 0.499268
0.546, 0.498982
0.547, 0.498696
0.548, 0.498411
0.549, 0.498126
0.55, 0.497843
0.551, 0.49756
0.552, 0.497277
0.553, 0.496996
0.554, 0.496715
0.555, 0.496435
0.556, 0.496156
0.557, 0.495877
0.558, 0.495599
0.559, 0.495322
0.56, 0.495045
0.561, 0.49477
0.562, 0.494494
0.563, 0.49422
0.564, 0.493946
0.565, 0.493673
0.566, 0.493401
0.567, 0.493129
0.568, 0.492858
0.569, 0.492588
0.57, 0.492318
0.571, 0.49205
0.572, 0.491781
0.573, 0.491514
0.574, 0.491247
0.575, 0.490981
0.576, 0.490715
0.577, 0.49045
0.578, 0.490186
0.579, 0.489923
0.58, 0.48966
0.581, 0.489398
0.582, 0.489136
0.583, 0.488875
0.584, 0.488615
0.585, 0.488355
0.586, 0.488096
0.587, 0.487838
0.588, 0.48758
0.589, 0.487323
0.59, 0.487067
0.591, 0.486811
0.592, 0.486556
0.593, 0.486302
0.594, 0.486048
0.595, 0.485795
0.596, 0.485542
0.597, 0.48529
0.598, 0.485039
0.599, 0.484788
0.6, 0.484538
0.601, 0.484289
0.602, 0.48404
0.603, 0.483792
0.604, 0.483544
0.605, 0.483297
0.606, 0.483051
0.607, 0.482805
0.608, 0.48256
0.609, 0.482316
0.61, 0.482072
0.611, 0.481828
0.612, 0.481586
0.613, 0.481344
0.614, 0.481102
0.615, 0.480861
0.616, 0.480621
0.617, 0.480381
0.618, 0.480142
0.619, 0.479903
0.62, 0.479665
0.621, 0.479428
0.622, 0.479191
0.623, 0.478955
0.624, 0.478719
0.625, 0.478484
0.626, 0.47825
0.627, 0.478016
0.628, 0.477782
0.629, 0.477549
0.63, 0.477317
0.631, 0.477086
0.632, 0.476854
0.633, 0.476624
0.634, 0.476394
0.635, 0.476164
0.636, 0.475936
0.637, 0.475707
0.638, 0.47548
0.639, 0.475252
0.64, 0.475026
0.641, 0.4748
0.642, 0.474574
0.643, 0.474349
0.644, 0.474125
0.645, 0.473901
0.646, 0.473677
0.647, 0.473454
0.648, 0.473232
0.649, 0.47301
0.65, 0.472789
0.651, 0.472568
0.652, 0.472348
0.653, 0.472129
0.654, 0.47191
0.655, 0.471691
0.656, 0.471473
0.657, 0.471255
0.658, 0.471038
0.659, 0.470822
0.66, 0.470606
0.661, 0.47039
0.662, 0.470176
0.663, 0.469961
0.664, 0.469747
0.665, 0.469534
0.666, 0.469321
0.667, 0.469109
0.668, 0.468897
0.669, 0.468685
0.67, 0.468474
0.671, 0.468264
0.672, 0.468054
0.673, 0.467845
0.674, 0.467636
0.675, 0.467428
0.676, 0.46722
0.677, 0.467012
0.678, 0.466806
0.679, 0.466599
0.68, 0.466393
0.681, 0.466188
0.682, 0.465983
0.683, 0.465779
0.684, 0.465575
0.685, 0.465371
0.686, 0.465168
0.687, 0.464966
0.688, 0.464764
0.689, 0.464562
0.69, 0.464361
0.691, 0.46416
0.692, 0.46396
0.693, 0.463761
0.694, 0.463561
0.695, 0.463363
0.696, 0.463164
0.697, 0.462967
0.698, 0.462769
0.699, 0.462572
0.7, 0.462376
0.701, 0.46218
0.702, 0.461985
0.703, 0.46179
0.704, 0.461595
0.705, 0.461401
0.706, 0.461207
0.707, 0.461014
0.708, 0.460821
0.709, 0.460629
0.71, 0.460437
0.711, 0.460246
0.712, 0.460055
0.713, 0.459864
0.714, 0.459674
0.715, 0.459485
0.716, 0.459295
0.717, 0.459107
0.718, 0.458918
0.719, 0.45873
0.72, 0.458543
0.721, 0.458356
0.722, 0.45817
0.723, 0.457983
0.724, 0.457798
0.725, 0.457612
0.726, 0.457428
0.727, 0.457243
0.728, 0.457059
0.729, 0.456876
0.73, 0.456693
0.731, 0.45651
0.732, 0.456328
0.733, 0.456146
0.734, 0.455964
0.735, 0.455783
0.736, 0.455603
0.737, 0.455422
0.738, 0.455243
0.739, 0.455063
0.74, 0.454884
0.741, 0.454706
0.742, 0.454528
0.743, 0.45435
0.744, 0.454173
0.745, 0.453996
0.746, 0.453819
0.747, 0.453643
0.748, 0.453467
0.749, 0.453292
0.75, 0.453117
0.751, 0.452943
0.752, 0.452769
0.753, 0.452595
0.754, 0.452422
0.755, 0.452249
0.756, 0.452076
0.757, 0.451904
0.758, 0.451733
0.759, 0.451561
0.76, 0.45139
0.761, 0.45122
0.762, 0.45105
0.763, 0.45088
0.764, 0.45071
0.765, 0.450541
0.766, 0.450373
0.767, 0.450205
0.768, 0.450037
0.769, 0.449869
0.77, 0.449702
0.771, 0.449536
0.772, 0.449369
0.773, 0.449203
0.774, 0.449038
0.775, 0.448872
0.776, 0.448708
0.777, 0.448543
0.778, 0.448379
0.779, 0.448215
0.78, 0.448052
0.781, 0.447889
0.782, 0.447726
0.783, 0.447564
0.784, 0.447402
0.785, 0.447241
0.786, 0.44708
0.787, 0.446919
0.788, 0.446759
0.789, 0.446598
0.79, 0.446439
0.791, 0.446279
0.792, 0.44612
0.793, 0.445962
0.794, 0.445804
0.795, 0.445646
0.796, 0.445488
0.797, 0.445331
0.798, 0.445174
0.799, 0.445018
0.8, 0.444861
0.801, 0.444706
0.802, 0.44455
0.803, 0.444395
0.804, 0.44424
0.805, 0.444086
0.806, 0.443932
0.807, 0.443778
0.808, 0.443625
0.809, 0.443472
0.81, 0.443319
0.811, 0.443167
0.812, 0.443015
0.813, 0.442863
0.814, 0.442712
0.815, 0.442561
0.816, 0.44241
0.817, 0.44226
0.818, 0.44211
0.819, 0.44196
0.82, 0.441811
0.821, 0.441662
0.822, 0.441513
0.823, 0.441365
0.824, 0.441217
0.825, 0.441069
0.826, 0.440921
0.827, 0.440774
0.828, 0.440628
0.829, 0.440481
0.83, 0.440335
0.831, 0.44019
0.832, 0.440044
0.833, 0.439899
0.834, 0.439754
0.835, 0.43961
0.836, 0.439466
0.837, 0.439322
0.838, 0.439178
0.839, 0.439035
0.84, 0.438892
0.841, 0.43875
0.842, 0.438607
0.843, 0.438466
0.844, 0.438324
0.845, 0.438183
0.846, 0.438042
0.847, 0.437901
0.848, 0.437761
0.849, 0.43762
0.85, 0.437481
0.851, 0.437341
0.852, 0.437202
0.853, 0.437063
0.854, 0.436925
0.855, 0.436786
0.856, 0.436649
0.857, 0.436511
0.858, 0.436374
0.859, 0.436237
0.86, 0.4361
0.861, 0.435963
0.862, 0.435827
0.863, 0.435691
0.864, 0.435556
0.865, 0.435421
0.866, 0.435286
0.867, 0.435151
0.868, 0.435017
0.869, 0.434883
0.87, 0.434749
0.871, 0.434615
0.872, 0.434482
0.873, 0.434349
0.874, 0.434216
0.875, 0.434084
0.876, 0.433952
0.877, 0.43382
0.878, 0.433689
0.879, 0.433558
0.88, 0.433427
0.881, 0.433296
0.882, 0.433166
0.883, 0.433036
0.884, 0.432906
0.885, 0.432776
0.886, 0.432647
0.887, 0.432518
0.888, 0.43239
0.889, 0.432261
0.89, 0.432133
0.891, 0.432005
0.892, 0.431878
0.893, 0.43175
0.894, 0.431623
0.895, 0.431497
0.896, 0.43137
0.897, 0.431244
0.898, 0.431118
0.899, 0.430993
0.9, 0.430867
0.901, 0.430742
0.902, 0.430617
0.903, 0.430493
0.904, 0.430368
0.905, 0.430244
0.906, 0.430121
0.907, 0.429997
0.908, 0.429874
0.909, 0.429751
0.91, 0.429628
0.911, 0.429506
0.912, 0.429384
0.913, 0.429262
0.914, 0.42914
0.915, 0.429019
0.916, 0.428897
0.917, 0.428777
0.918, 0.428656
0.919, 0.428536
0.92, 0.428415
0.921, 0.428296
0.922, 0.428176
0.923, 0.428057
0.924, 0.427938
0.925, 0.427819
0.926, 0.4277
0.927, 0.427582
0.928, 0.427464
0.929, 0.427346
0.93, 0.427228
0.931, 0.427111
0.932, 0.426994
0.933, 0.426877
0.934, 0.426761
0.935, 0.426644
0.936, 0.426528
0.937, 0.426412
0.938, 0.426297
0.939, 0.426181
0.94, 0.426066
0.941, 0.425951
0.942, 0.425837
0.943, 0.425722
0.944, 0.425608
0.945, 0.425494
0.946, 0.425381
0.947, 0.425267
0.948, 0.425154
0.949, 0.425041
0.95, 0.424929
0.951, 0.424816
0.952, 0.424704
0.953, 0.424592
0.954, 0.42448
0.955, 0.424369
0.956, 0.424257
0.957, 0.424146
0.958, 0.424036
0.959, 0.423925
0.96, 0.423815
0.961, 0.423705
0.962, 0.423595
0.963, 0.423485
0.964, 0.423376
0.965, 0.423267
0.966, 0.423158
0.967, 0.423049
0.968, 0.42294
0.969, 0.422832
0.97, 0.422724
0.971, 0.422616
0.972, 0.422509
0.973, 0.422401
0.974, 0.422294
0.975, 0.422187
0.976, 0.422081
0.977, 0.421974
0.978, 0.421868
0.979, 0.421762
0.98, 0.421656
0.981, 0.421551
0.982, 0.421445
0.983, 0.42134
0.984, 0.421235
0.985, 0.42113
0.986, 0.421026
0.987, 0.420922
0.988, 0.420818
0.989, 0.420714
0.99, 0.42061
0.991, 0.420507
0.992, 0.420404
0.993, 0.420301
0.994, 0.420198
0.995, 0.420096
0.996, 0.419993
0.997, 0.419891
0.998, 0.419789
0.999, 0.419688
1, 0.419586
1.001, 0.419485
1.002, 0.419384
1.003, 0.419283
1.004, 0.419182
1.005, 0.419082
1.006, 0.418982
1.007, 0.418882
1.008, 0.418782
1.009, 0.418682
1.01, 0.418583
1.011, 0.418484
1.012, 0.418385
1.013, 0.418286
1.014, 0.418187
1.015, 0.418089
1.016, 0.417991
1.017, 0.417893
1.018, 0.417795
1.019, 0.417698
1.02, 0.4176
1.021, 0.417503
1.022, 0.417406
1.023, 0.41731
1.024, 0.417213
1.025, 0.417117
1.026, 0.417021
1.027, 0.416925
1.028, 0.416829
1.029, 0.416733
1.03, 0.416638
1.031, 0.416543
1.032, 0.416448
1.033, 0.416353
1.034, 0.416259
1.035, 0.416164
1.036, 0.41607
1.037, 0.415976
1.038, 0.415882
1.039, 0.415789
1.04, 0.415695
1.041, 0.415602
1.042, 0.415509
1.043, 0.415416
1.044, 0.415323
1.045, 0.415231
1.046, 0.415139
1.047, 0.415047
1.048, 0.414955
1.049, 0.414863
1.05, 0.414772
1.051, 0.41468
1.052, 0.414589
1.053, 0.414498
1.054, 0.414407
1.055, 0.414317
1.056, 0.414226
1.057, 0.414136
1.058, 0.414046
1.059, 0.413956
1.06, 0.413867
1.061, 0.413777
1.062, 0.413688
1.063, 0.413599
1.064, 0.41351
1.065, 0.413421
1.066, 0.413333
1.067, 0.413244
1.068, 0.413156
1.069, 0.413068
1.07, 0.41298
1.071, 0.412892
1.072, 0.412805
1.073, 0.412718
1.074, 0.412631
1.075, 0.412544
1.076, 0.412457
1.077, 0.41237
1.078, 0.412284
1.079, 0.412198
1.08, 0.412111
1.081, 0.412026
1.082, 0.41194
1.083, 0.411854
1.084, 0.411769
1.085, 0.411684
1.086, 0.411599
1.087, 0.411514
1.088, 0.411429
1.089, 0.411345
1.09, 0.41126
1.091, 0.411176
1.092, 0.411092
1.093, 0.411008
1.094, 0.410925
1.095, 0.410841
1.096, 0.410758
1.097, 0.410675
1.098, 0.410592
1.099, 0.410509
1.1, 0.410426
1.101, 0.410344
1.102, 0.410261
1.103, 0.410179
1.104, 0.410097
1.105, 0.410015
1.106, 0.409934
1.107, 0.409852
1.108, 0.409771
1.109, 0.40969
1.11, 0.409609
1.111, 0.409528
1.112, 0.409447
1.113, 0.409367
1.114, 0.409286
1.115, 0.409206
1.116, 0.409126
1.117, 0.409046
1.118, 0.408967
1.119, 0.408887
1.12, 0.408808
1.121, 0.408728
1.122, 0.408649
1.123, 0.408571
1.124, 0.408492
1.125, 0.408413
1.126, 0.408335
1.127, 0.408256
1.128, 0.408178
1.129, 0.4081
1.13, 0.408023
1.131, 0.407945
1.132, 0.407867
1.133, 0.40779
1.134, 0.407713
1.135, 0.407636
1.136, 0.407559
1.137, 0.407482
1.138, 0.407406
1.139, 0.407329
1.14, 0.407253
1.141, 0.407177
1.142, 0.407101
1.143, 0.407025
1.144, 0.40695
1.145, 0.406874
1.146, 0.406799
1.147, 0.406723
1.148, 0.406648
1.149, 0.406574
1.15, 0.406499
1.151, 0.406424
1.152, 0.40635
1.153, 0.406275
1.154, 0.406201
1.155, 0.406127
1.156, 0.406053
1.157, 0.40598
1.158, 0.405906
1.159, 0.405833
1.16, 0.405759
1.161, 0.405686
1.162, 0.405613
1.163, 0.40554
1.164, 0.405468
1.165, 0.405395
1.166, 0.405323
1.167, 0.405251
1.168, 0.405178
1.169, 0.405106
1.17, 0.405035
1.171, 0.404963
1.172, 0.404891
1.173, 0.40482
1.174, 0.404749
1.175, 0.404678
1.176, 0.404607
1.177, 0.404536
1.178, 0.404465
1.179, 0.404394
1.18, 0.404324
1.181, 0.404254
1.182, 0.404184
1.183, 0.404114
1.184, 0.404044
1.185, 0.403974
1.186, 0.403904
1.187, 0.403835
1.188, 0.403766
1.189, 0.403697
1.19, 0.403627
1.191, 0.403559
1.192, 0.40349
1.193, 0.403421
1.194, 0.403353
1.195, 0.403284
1.196, 0.403216
1.197, 0.403148
1.198, 0.40308
1.199, 0.403012
1.2, 0.402945
1.201, 0.402877
1.202, 0.40281
1.203, 0.402742
1.204, 0.402675
1.205, 0.402608
1.206, 0.402541
1.207, 0.402474
1.208, 0.402408
1.209, 0.402341
1.21, 0.402275
1.211, 0.402209
1.212, 0.402143
1.213, 0.402077
1.214, 0.402011
1.215, 0.401945
1.216, 0.401879
1.217, 0.401814
1.218, 0.401749
1.219, 0.401684
1.22, 0.401618
1.221, 0.401553
1.222, 0.401489
1.223, 0.401424
1.224, 0.401359
1.225, 0.401295
1.226, 0.401231
1.227, 0.401166
1.228, 0.401102
1.229, 0.401038
1.23, 0.400975
1.231, 0.400911
1.232, 0.400847
1.233, 0.400784
1.234, 0.400721
1.235, 0.400658
1.236, 0.400594
1.237, 0.400531
1.238, 0.400469
1.239, 0.400406
1.24, 0.400343
1.241, 0.400281
1.242, 0.400219
1.243, 0.400156
1.244, 0.400094
1.245, 0.400032
1.246, 0.399971
1.247, 0.399909
1.248, 0.399847
1.249, 0.399786
1.25, 0.399724
1.251, 0.399663
1.252, 0.399602
1.253, 0.399541
1.254, 0.39948
1.255, 0.399419
1.256, 0.399359
1.257, 0.399298
1.258, 0.399238
1.259, 0.399178
1.26, 0.399117
1.261, 0.399057
1.262, 0.398997
1.263, 0.398938
1.264, 0.398878
1.265, 0.398818
1.266, 0.398759
1.267, 0.398699
1.268, 0.39864
1.269, 0.398581
1.27, 0.398522
1.271, 0.398463
1.272, 0.398404
1.273, 0.398346
1.274, 0.398287
1.275, 0.398229
1.276, 0.39817
1.277, 0.398112
1.278, 0.398054
1.279, 0.397996
1.28, 0.397938
1.281, 0.39788
1.282, 0.397823
1.283, 0.397765
1.284, 0.397708
1.285, 0.39765
1.286, 0.397593
1.287, 0.397536
1.288, 0.397479
1.289, 0.397422
1.29, 0.397365
1.291, 0.397309
1.292, 0.397252
1.293, 0.397196
1.294, 0.39714
1.295, 0.397083
1.296, 0.397027
1.297, 0.396971
1.298, 0.396915
1.299, 0.39686
1.3, 0.396804
1.301, 0.396748
1.302, 0.396693
1.303, 0.396637
1.304, 0.396582
1.305, 0.396527
1.306, 0.396472
1.307, 0.396417
1.308, 0.396362
1.309, 0.396308
1.31, 0.396253
1.311, 0.396198
1.312, 0.396144
1.313, 0.39609
1.314, 0.396036
1.315, 0.395981
1.316, 0.395927
1.317, 0.395874
1.318, 0.39582
1.319, 0.395766
1.32, 0.395713
1.321, 0.395659
1.322, 0.395606
1.323, 0.395552
1.324, 0.395499
1.325, 0.395446
1.326, 0.395393
1.327, 0.39534
1.328, 0.395288
1.329, 0.395235
1.33, 0.395183
1.331, 0.39513
1.332, 0.395078
1.333, 0.395025
1.334, 0.394973
1.335, 0.394921
1.336, 0.394869
1.337, 0.394817
1.338, 0.394766
1.339, 0.394714
1.34, 0.394663
1.341, 0.394611
1.342, 0.39456
1.343, 0.394509
1.344, 0.394457
1.345, 0.394406
1.346, 0.394355
1.347, 0.394304
1.348, 0.394254
1.349, 0.394203
1.35, 0.394152
1.351, 0.394102
1.352, 0.394052
1.353, 0.394001
1.354, 0.393951
1.355, 0.393901
1.356, 0.393851
1.357, 0.393801
1.358, 0.393751
1.359, 0.393702
1.36, 0.393652
1.361, 0.393603
1.362, 0.393553
1.363, 0.393504
1.364, 0.393455
1.365, 0.393405
1.366, 0.393356
1.367, 0.393307
1.368, 0.393259
1.369, 0.39321
1.37, 0.393161
1.371, 0.393113
1.372, 0.393064
1.373, 0.393016
1.374, 0.392967
1.375, 0.392919
1.376, 0.392871
1.377, 0.392823
1.378, 0.392775
1.379, 0.392727
1.38, 0.39268
1.381, 0.392632
1.382, 0.392584
1.383, 0.392537
1.384, 0.392489
1.385, 0.392442
1.386, 0.392395
1.387, 0.392348
1.388, 0.392301
1.389, 0.392254
1.39, 0.392207
1.391, 0.39216
1.392, 0.392114
1.393, 0.392067
1.394, 0.392021
1.395, 0.391974
1.396, 0.391928
1.397, 0.391882
1.398, 0.391835
1.399, 0.391789
1.4, 0.391743
1.401, 0.391698
1.402, 0.391652
1.403, 0.391606
1.404, 0.39156
1.405, 0.391515
1.406, 0.391469
1.407, 0.391424
1.408, 0.391379
1.409, 0.391334
1.41, 0.391289
1.411, 0.391244
1.412, 0.391199
1.413, 0.391154
1.414, 0.391109
1.415, 0.391064
1.416, 0.39102
1.417, 0.390975
1.418, 0.390931
1.419, 0.390886
1.42, 0.390842
1.421, 0.390798
1.422, 0.390754
1.423, 0.39071
1.424, 0.390666
1.425, 0.390622
1.426, 0.390578
1.427, 0.390535
1.428, 0.390491
1.429, 0.390448
1.43, 0.390404
1.431, 0.390361
1.432, 0.390318
1.433, 0.390274
1.434, 0.390231
1.435, 0.390188
1.436, 0.390145
1.437, 0.390103
1.438, 0.39006
1.439, 0.390017
1.44, 0.389975
1.441, 0.389932
1.442, 0.38989
1.443, 0.389847
1.444, 0.389805
1.445, 0.389763
1.446, 0.389721
1.447, 0.389678
1.448, 0.389637
1.449, 0.389595
1.45, 0.389553
1.451, 0.389511
1.452, 0.389469
1.453, 0.389428
1.454, 0.389386
1.455, 0.389345
1.456, 0.389304
1.457, 0.389262
1.458, 0.389221
1.459, 0.38918
1.46, 0.389139
1.461, 0.389098
1.462, 0.389057
1.463, 0.389016
1.464, 0.388976
1.465, 0.388935
1.466, 0.388894
1.467, 0.388854
1.468, 0.388813
1.469, 0.388773
1.47, 0.388733
1.471, 0.388693
1.472, 0.388653
1.473, 0.388613
1.474, 0.388573
1.475, 0.388533
1.476, 0.388493
1.477, 0.388453
1.478, 0.388413
1.479, 0.388374
1.48, 0.388334
1.481, 0.388295
1.482, 0.388256
1.483, 0.388216
1.484, 0.388177
1.485, 0.388138
1.486, 0.388099
1.487, 0.38806
1.488, 0.388021
1.489, 0.387982
1.49, 0.387943
1.491, 0.387905
1.492, 0.387866
1.493, 0.387827
1.494, 0.387789
1.495, 0.38775
1.496, 0.387712
1.497, 0.387674
1.498, 0.387636
1.499, 0.387597
1.5, 0.387559
1.501, 0.387521
1.502, 0.387483
1.503, 0.387446
1.504, 0.387408
1.505, 0.38737
1.506, 0.387332
1.507, 0.387295
1.508, 0.387257
1.509, 0.38722
1.51, 0.387183
1.511, 0.387145
1.512, 0.387108
1.513, 0.387071
1.514, 0.387034
1.515, 0.386997
1.516, 0.38696
1.517, 0.386923
1.518, 0.386886
1.519, 0.38685
1.52, 0.386813
1.521, 0.386776
1.522, 0.38674
1.523, 0.386703
1.524, 0.386667
1.525, 0.386631
1.526, 0.386594
1.527, 0.386558
1.528, 0.386522
1.529, 0.386486
1.53, 0.38645
1.531, 0.386414
1.532, 0.386378
1.533, 0.386342
1.534, 0.386307
1.535, 0.386271
1.536, 0.386235
1.537, 0.3862
1.538, 0.386165
1.539, 0.386129
1.54, 0.386094
1.541, 0.386059
1.542, 0.386023
1.543, 0.385988
1.544, 0.385953
1.545, 0.385918
1.546, 0.385883
1.547, 0.385848
1.548, 0.385814
1.549, 0.385779
1.55, 0.385744
1.551, 0.38571
1.552, 0.385675
1.553, 0.385641
1.554, 0.385606
1.555, 0.385572
1.556, 0.385538
1.557, 0.385503
1.558, 0.385469
1.559, 0.385435
1.56, 0.385401
1.561, 0.385367
1.562, 0.385333
1.563, 0.385299
1.564, 0.385266
1.565, 0.385232
1.566, 0.385198
1.567, 0.385165
1.568, 0.385131
1.569, 0.385098
1.57, 0.385064
1.571, 0.385031
1.572, 0.384998
1.573, 0.384964
1.574, 0.384931
1.575, 0.384898
1.576, 0.384865
1.577, 0.384832
1.578, 0.384799
1.579, 0.384766
1.58, 0.384734
1.581, 0.384701
1.582, 0.384668
1.583, 0.384636
1.584, 0.384603
1.585, 0.38457
1.586, 0.384538
1.587, 0.384506
1.588, 0.384473
1.589, 0.384441
1.59, 0.384409
1.591, 0.384377
1.592, 0.384345
1.593, 0.384313
1.594, 0.384281
1.595, 0.384249
1.596, 0.384217
1.597, 0.384185
1.598, 0.384154
1.599, 0.384122
1.6, 0.38409
1.601, 0.384059
1.602, 0.384027
1.603, 0.383996
1.604, 0.383965
1.605, 0.383933
1.606, 0.383902
1.607, 0.383871
1.608, 0.38384
1.609, 0.383809
1.61, 0.383778
1.611, 0.383747
1.612, 0.383716
1.613, 0.383685
1.614, 0.383654
1.615, 0.383623
1.616, 0.383593
1.617, 0.383562
1.618, 0.383531
1.619, 0.383501
1.62, 0.383471
1.621, 0.38344
1.622, 0.38341
1.623, 0.383379
1.624, 0.383349
1.625, 0.383319
1.626, 0.383289
1.627, 0.383259
1.628, 0.383229
1.629, 0.383199
1.63, 0.383169
1.631, 0.383139
1.632, 0.383109
1.633, 0.38308
1.634, 0.38305
1.635, 0.38302
1.636, 0.382991
1.637, 0.382961
1.638, 0.382932
1.639, 0.382902
1.64, 0.382873
1.641, 0.382844
1.642, 0.382815
1.643, 0.382785
1.644, 0.382756
1.645, 0.382727
1.646, 0.382698
1.647, 0.382669
1.648, 0.38264
1.649, 0.382611
1.65, 0.382583
1.651, 0.382554
1.652, 0.382525
1.653, 0.382497
1.654, 0.382468
1.655, 0.382439
1.656, 0.382411
1.657, 0.382382
1.658, 0.382354
1.659, 0.382326
1.66, 0.382297
1.661, 0.382269
1.662, 0.382241
1.663, 0.382213
1.664, 0.382185
1.665, 0.382157
1.666, 0.382129
1.667, 0.382101
1.668, 0.382073
1.669, 0.382045
1.67, 0.382017
1.671, 0.38199
1.672, 0.381962
1.673, 0.381934
1.674, 0.381907
1.675, 0.381879
1.676, 0.381852
1.677, 0.381824
1.678, 0.381797
1.679, 0.38177
1.68, 0.381742
1.681, 0.381715
1.682, 0.381688
1.683, 0.381661
1.684, 0.381634
1.685, 0.381607
1.686, 0.38158
1.687, 0.381553
1.688, 0.381526
1.689, 0.381499
1.69, 0.381473
1.691, 0.381446
1.692, 0.381419
1.693, 0.381392
1.694, 0.381366
1.695, 0.381339
1.696, 0.381313
1.697, 0.381286
1.698, 0.38126
1.699, 0.381234
1.7, 0.381207
1.701, 0.381181
1.702, 0.381155
1.703, 0.381129
1.704, 0.381103
1.705, 0.381077
1.706, 0.381051
1.707, 0.381025
1.708, 0.380999
1.709, 0.380973
1.71, 0.380947
1.711, 0.380922
1.712, 0.380896
1.713, 0.38087
1.714, 0.380845
1.715, 0.380819
1.716, 0.380793
1.717, 0.380768
1.718, 0.380742
1.719, 0.380717
1.72, 0.380692
1.721, 0.380666
1.722, 0.380641
1.723, 0.380616
1.724, 0.380591
1.725, 0.380566
1.726, 0.380541
1.727, 0.380516
1.728, 0.380491
1.729, 0.380466
1.73, 0.380441
1.731, 0.380416
1.732, 0.380391
1.733, 0.380367
1.734, 0.380342
1.735, 0.380317
1.736, 0.380293
1.737, 0.380268
1.738, 0.380243
1.739, 0.380219
1.74, 0.380195
1.741, 0.38017
1.742, 0.380146
1.743, 0.380122
1.744, 0.380097
1.745, 0.380073
1.746, 0.380049
1.747, 0.380025
1.748, 0.380001
1.749, 0.379977
1.75, 0.379953
1.751, 0.379929
1.752, 0.379905
1.753, 0.379881
1.754, 0.379857
1.755, 0.379833
1.756, 0.37981
1.757, 0.379786
1.758, 0.379762
1.759, 0.379739
1.76, 0.379715
1.761, 0.379692
1.762, 0.379668
1.763, 0.379645
1.764, 0.379621
1.765, 0.379598
1.766, 0.379575
1.767, 0.379551
1.768, 0.379528
1.769, 0.379505
1.77, 0.379482
1.771, 0.379459
1.772, 0.379436
1.773, 0.379413
1.774, 0.37939
1.775, 0.379367
1.776, 0.379344
1.777, 0.379321
1.778, 0.379298
1.779, 0.379276
1.78, 0.379253
1.781, 0.37923
1.782, 0.379208
1.783, 0.379185
1.784, 0.379162
1.785, 0.37914
1.786, 0.379117
1.787, 0.379095
1.788, 0.379073
1.789, 0.37905
1.79, 0.379028
1.791, 0.379006
1.792, 0.378984
1.793, 0.378961
1.794, 0.378939
1.795, 0.378917
1.796, 0.378895
1.797, 0.378873
1.798, 0.378851
1.799, 0.378829
1.8, 0.378807
1.801, 0.378785
1.802, 0.378763
1.803, 0.378742
1.804, 0.37872
1.805, 0.378698
1.806, 0.378677
1.807, 0.378655
1.808, 0.378633
1.809, 0.378612
1.81, 0.37859
1.811, 0.378569
1.812, 0.378547
1.813, 0.378526
1.814, 0.378505
1.815, 0.378483
1.816, 0.378462
1.817, 0.378441
1.818, 0.37842
1.819, 0.378398
1.82, 0.378377
1.821, 0.378356
1.822, 0.378335
1.823, 0.378314
1.824, 0.378293
1.825, 0.378272
1.826, 0.378251
1.827, 0.378231
1.828, 0.37821
1.829, 0.378189
1.83, 0.378168
1.831, 0.378147
1.832, 0.378127
1.833, 0.378106
1.834, 0.378086
1.835, 0.378065
1.836, 0.378045
1.837, 0.378024
1.838, 0.378004
1.839, 0.377983
1.84, 0.377963
1.841, 0.377942
1.842, 0.377922
1.843, 0.377902
1.844, 0.377882
1.845, 0.377861
1.846, 0.377841
1.847, 0.377821
1.848, 0.377801
1.849, 0.377781
1.85, 0.377761
1.851, 0.377741
1.852, 0.377721
1.853, 0.377701
1.854, 0.377681
1.855, 0.377662
1.856, 0.377642
1.857, 0.377622
1.858, 0.377602
1.859, 0.377583
1.86, 0.377563
1.861, 0.377543
1.862, 0.377524
1.863, 0.377504
1.864, 0.377485
1.865, 0.377465
1.866, 0.377446
1.867, 0.377426
1.868, 0.377407
1.869, 0.377388
1.87, 0.377368
1.871, 0.377349
1.872, 0.37733
1.873, 0.377311
1.874, 0.377292
1.875, 0.377272
1.876, 0.377253
1.877, 0.377234
1.878, 0.377215
1.879, 0.377196
1.88, 0.377177
1.881, 0.377158
1.882, 0.37714
1.883, 0.377121
1.884, 0.377102
1.885, 0.377083
1.886, 0.377064
1.887, 0.377046
1.888, 0.377027
1.889, 0.377008
1.89, 0.37699
1.891, 0.376971
1.892, 0.376953
1.893, 0.376934
1.894, 0.376916
1.895, 0.376897
1.896, 0.376879
1.897, 0.37686
1.898, 0.376842
1.899, 0.376824
1.9, 0.376805
1.901, 0.376787
1.902, 0.376769
1.903, 0.376751
1.904, 0.376733
1.905, 0.376715
1.906, 0.376696
1.907, 0.376678
1.908, 0.37666
1.909, 0.376642
1.91, 0.376624
1.911, 0.376607
1.912, 0.376589
1.913, 0.376571
1.914, 0.376553
1.915, 0.376535
1.916, 0.376517
1.917, 0.3765
1.918, 0.376482
1.919, 0.376464
1.92, 0.376447
1.921, 0.376429
1.922, 0.376411
1.923, 0.376394
1.924, 0.376376
1.925, 0.376359
1.926, 0.376342
1.927, 0.376324
1.928, 0.376307
1.929, 0.376289
1.93, 0.376272
1.931, 0.376255
1.932, 0.376238
1.933, 0.37622
1.934, 0.376203
1.935, 0.376186
1.936, 0.376169
1.937, 0.376152
1.938, 0.376135
1.939, 0.376118
1.94, 0.376101
1.941, 0.376084
1.942, 0.376067
1.943, 0.37605
1.944, 0.376033
1.945, 0.376016
1.946, 0.375999
1.947, 0.375982
1.948, 0.375966
1.949, 0.375949
1.95, 0.375932
1.951, 0.375915
1.952, 0.375899
1.953, 0.375882
1.954, 0.375866
1.955, 0.375849
1.956, 0.375833
1.957, 0.375816
1.958, 0.3758
1.959, 0.375783
1.96, 0.375767
1.961, 0.37575
1.962, 0.375734
1.963, 0.375718
1.964, 0.375701
1.965, 0.375685
1.966, 0.375669
1.967, 0.375653
1.968, 0.375636
1.969, 0.37562
1.97, 0.375604
1.971, 0.375588
1.972, 0.375572
1.973, 0.375556
1.974, 0.37554
1.975, 0.375524
1.976, 0.375508
1.977, 0.375492
1.978, 0.375476
1.979, 0.37546
1.98, 0.375445
1.981, 0.375429
1.982, 0.375413
1.983, 0.375397
1.984, 0.375382
1.985, 0.375366
1.986, 0.37535
1.987, 0.375335
1.988, 0.375319
1.989, 0.375303
1.99, 0.375288
1.991, 0.375272
1.992, 0.375257
1.993, 0.375241
1.994, 0.375226
1.995, 0.375211
1.996, 0.375195
1.997, 0.37518
1.998, 0.375164
1.999, 0.375149
2, 0.375134
2.001, 0.375119
2.002, 0.375103
2.003, 0.375088
2.004, 0.375073
2.005, 0.375058
2.006, 0.375043
2.007, 0.375028
2.008, 0.375013
2.009, 0.374998
2.01, 0.374983
2.011, 0.374968
2.012, 0.374953
2.013, 0.374938
2.014, 0.374923
2.015, 0.374908
2.016, 0.374893
2.017, 0.374878
2.018, 0.374864
2.019, 0.374849
2.02, 0.374834
2.021, 0.374819
2.022, 0.374805
2.023, 0.37479
2.024, 0.374775
2.025, 0.374761
2.026, 0.374746
2.027, 0.374732
2.028, 0.374717
2.029, 0.374703
2.03, 0.374688
2.031, 0.374674
2.032, 0.374659
2.033, 0.374645
2.034, 0.37463
2.035, 0.374616
2.036, 0.374602
2.037, 0.374588
2.038, 0.374573
2.039, 0.374559
2.04, 0.374545
2.041, 0.374531
2.042, 0.374516
2.043, 0.374502
2.044, 0.374488
2.045, 0.374474
2.046, 0.37446
2.047, 0.374446
2.048, 0.374432
2.049, 0.374418
2.05, 0.374404
2.051, 0.37439
2.052, 0.374376
2.053, 0.374362
2.054, 0.374348
2.055, 0.374334
2.056, 0.374321
2.057, 0.374307
2.058, 0.374293
2.059, 0.374279
2.06, 0.374266
2.061, 0.374252
2.062, 0.374238
2.063, 0.374225
2.064, 0.374211
2.065, 0.374197
2.066, 0.374184
2.067, 0.37417
2.068, 0.374157
2.069, 0.374143
2.07, 0.37413
2.071, 0.374116
2.072, 0.374103
2.073, 0.374089
2.074, 0.374076
2.075, 0.374063
2.076, 0.374049
2.077, 0.374036
2.078, 0.374023
2.079, 0.37401
2.08, 0.373996
2.081, 0.373983
2.082, 0.37397
2.083, 0.373957
2.084, 0.373944
2.085, 0.37393
2.086, 0.373917
2.087, 0.373904
2.088, 0.373891
2.089, 0.373878
2.09, 0.373865
2.091, 0.373852
2.092, 0.373839
2.093, 0.373826
2.094, 0.373813
2.095, 0.373801
2.096, 0.373788
2.097, 0.373775
2.098, 0.373762
2.099, 0.373749
2.1, 0.373736
2.101, 0.373724
2.102, 0.373711
2.103, 0.373698
2.104, 0.373686
2.105, 0.373673
2.106, 0.37366
2.107, 0.373648
2.108, 0.373635
2.109, 0.373622
2.11, 0.37361
2.111, 0.373597
2.112, 0.373585
2.113, 0.373572
2.114, 0.37356
2.115, 0.373547
2.116, 0.373535
2.117, 0.373523
2.118, 0.37351
2.119, 0.373498
2.12, 0.373486
2.121, 0.373473
2.122, 0.373461
2.123, 0.373449
2.124, 0.373437
2.125, 0.373424
2.126, 0.373412
2.127, 0.3734
2.128, 0.373388
2.129, 0.373376
2.13, 0.373364
2.131, 0.373351
2.132, 0.373339
2.133, 0.373327
2.134, 0.373315
2.135, 0.373303
2.136, 0.373291
2.137, 0.373279
2.138, 0.373267
2.139, 0.373255
2.14, 0.373244
2.141, 0.373232
2.142, 0.37322
2.143, 0.373208
2.144, 0.373196
2.145, 0.373184
2.146, 0.373173
2.147, 0.373161
2.148, 0.373149
2.149, 0.373137
2.15, 0.373126
2.151, 0.373114
2.152, 0.373102
2.153, 0.373091
2.154, 0.373079
2.155, 0.373068
2.156, 0.373056
2.157, 0.373045
2.158, 0.373033
2.159, 0.373022
2.16, 0.37301
2.161, 0.372999
2.162, 0.372987
2.163, 0.372976
2.164, 0.372964
2.165, 0.372953
2.166, 0.372942
2.167, 0.37293
2.168, 0.372919
2.169, 0.372908
2.17, 0.372896
2.171, 0.372885
2.172, 0.372874
2.173, 0.372863
2.174, 0.372851
2.175, 0.37284
2.176, 0.372829
2.177, 0.372818
2.178, 0.372807
2.179, 0.372796
2.18, 0.372785
2.181, 0.372774
2.182, 0.372763
2.183, 0.372751
2.184, 0.37274
2.185, 0.37273
2.186, 0.372719
2.187, 0.372708
2.188, 0.372697
2.189, 0.372686
2.19, 0.372675
2.191, 0.372664
2.192, 0.372653
2.193, 0.372642
2.194, 0.372632
2.195, 0.372621
2.196, 0.37261
2.197, 0.372599
2.198, 0.372588
2.199, 0.372578
2.2, 0.372567
2.201, 0.372556
2.202, 0.372546
2.203, 0.372535
2.204, 0.372524
2.205, 0.372514
2.206, 0.372503
2.207, 0.372493
2.208, 0.372482
2.209, 0.372472
2.21, 0.372461
2.211, 0.372451
2.212, 0.37244
2.213, 0.37243
2.214, 0.372419
2.215, 0.372409
2.216, 0.372398
2.217, 0.372388
2.218, 0.372378
2.219, 0.372367
2.22, 0.372357
2.221, 0.372347
2.222, 0.372337
2.223, 0.372326
2.224, 0.372316
2.225, 0.372306
2.226, 0.372296
2.227, 0.372285
2.228, 0.372275
2.229, 0.372265
2.23, 0.372255
2.231, 0.372245
2.232, 0.372235
2.233, 0.372225
2.234, 0.372214
2.235, 0.372204
2.236, 0.372194
2.237, 0.372184
2.238, 0.372174
2.239, 0.372164
2.24, 0.372154
2.241, 0.372144
2.242, 0.372135
2.243, 0.372125
2.244, 0.372115
2.245, 0.372105
2.246, 0.372095
2.247, 0.372085
2.248, 0.372075
2.249, 0.372066
2.25, 0.372056
2.251, 0.372046
2.252, 0.372036
2.253, 0.372027
2.254, 0.372017
2.255, 0.372007
2.256, 0.371997
2.257, 0.371988
2.258, 0.371978
2.259, 0.371968
2.26, 0.371959
2.261, 0.371949
2.262, 0.37194
2.263, 0.37193
2.264, 0.371921
2.265, 0.371911
2.266, 0.371901
2.267, 0.371892
2.268, 0.371883
2.269, 0.371873
2.27, 0.371864
2.271, 0.371854
2.272, 0.371845
2.273, 0.371835
2.274, 0.371826
2.275, 0.371817
2.276, 0.371807
2.277, 0.371798
2.278, 0.371789
2.279, 0.371779
2.28, 0.37177
2.281, 0.371761
2.282, 0.371752
2.283, 0.371742
2.284, 0.371733
2.285, 0.371724
2.286, 0.371715
2.287, 0.371706
2.288, 0.371696
2.289, 0.371687
2.29, 0.371678
2.291, 0.371669
2.292, 0.37166
2.293, 0.371651
2.294, 0.371642
2.295, 0.371633
2.296, 0.371624
2.297, 0.371615
2.298, 0.371606
2.299, 0.371597
2.3, 0.371588
2.301, 0.371579
2.302, 0.37157
2.303, 0.371561
2.304, 0.371552
2.305, 0.371543
2.306, 0.371534
2.307, 0.371526
2.308, 0.371517
2.309, 0.371508
2.31, 0.371499
2.311, 0.37149
2.312, 0.371482
2.313, 0.371473
2.314, 0.371464
2.315, 0.371455
2.316, 0.371447
2.317, 0.371438
2.318, 0.371429
2.319, 0.371421
2.32, 0.371412
2.321, 0.371403
2.322, 0.371395
2.323, 0.371386
2.324, 0.371377
2.325, 0.371369
2.326, 0.37136
2.327, 0.371352
2.328, 0.371343
2.329, 0.371335
2.33, 0.371326
2.331, 0.371318
2.332, 0.371309
2.333, 0.371301
2.334, 0.371292
2.335, 0.371284
2.336, 0.371276
2.337, 0.371267
2.338, 0.371259
2.339, 0.37125
2.34, 0.371242
2.341, 0.371234
2.342, 0.371225
2.343, 0.371217
2.344, 0.371209
2.345, 0.371201
2.346, 0.371192
2.347, 0.371184
2.348, 0.371176
2.349, 0.371168
2.35, 0.371159
2.351, 0.371151
2.352, 0.371143
2.353, 0.371135
2.354, 0.371127
2.355, 0.371119
2.356, 0.37111
2.357, 0.371102
2.358, 0.371094
2.359, 0.371086
2.36, 0.371078
2.361, 0.37107
2.362, 0.371062
2.363, 0.371054
2.364, 0.371046
2.365, 0.371038
2.366, 0.37103
2.367, 0.371022
2.368, 0.371014
2.369, 0.371006
2.37, 0.370998
2.371, 0.37099
2.372, 0.370983
2.373, 0.370975
2.374, 0.370967
2.375, 0.370959
2.376, 0.370951
2.377, 0.370943
2.378, 0.370935
2.379, 0.370928
2.38, 0.37092
2.381, 0.370912
2.382, 0.370904
2.383, 0.370897
2.384, 0.370889
2.385, 0.370881
2.386, 0.370874
2.387, 0.370866
2.388, 0.370858
2.389, 0.370851
2.39, 0.370843
2.391, 0.370835
2.392, 0.370828
2.393, 0.37082
2.394, 0.370812
2.395, 0.370805
2.396, 0.370797
2.397, 0.37079
2.398, 0.370782
2.399, 0.370775
2.4, 0.370767
2.401, 0.37076
2.402, 0.370752
2.403, 0.370745
2.404, 0.370737
2.405, 0.37073
2.406, 0.370722
2.407, 0.370715
2.408, 0.370708
2.409, 0.3707
2.41, 0.370693
2.411, 0.370685
2.412, 0.370678
2.413, 0.370671
2.414, 0.370663
2.415, 0.370656
2.416, 0.370649
2.417, 0.370641
2.418, 0.370634
2.419, 0.370627
2.42, 0.37062
2.421, 0.370612
2.422, 0.370605
2.423, 0.370598
2.424, 0.370591
2.425, 0.370584
2.426, 0.370576
2.427, 0.370569
2.428, 0.370562
2.429, 0.370555
2.43, 0.370548
2.431, 0.370541
2.432, 0.370534
2.433, 0.370527
2.434, 0.37052
2.435, 0.370512
2.436, 0.370505
2.437, 0.370498
2.438, 0.370491
2.439, 0.370484
2.44, 0.370477
2.441, 0.37047
2.442, 0.370463
2.443, 0.370456
2.444, 0.370449
2.445, 0.370443
2.446, 0.370436
2.447, 0.370429
2.448, 0.370422
2.449, 0.370415
2.45, 0.370408
2.451, 0.370401
2.452, 0.370394
2.453, 0.370387
2.454, 0.370381
2.455, 0.370374
2.456, 0.370367
2.457, 0.37036
2.458, 0.370353
2.459, 0.370347
2.46, 0.37034
2.461, 0.370333
2.462, 0.370326
2.463, 0.37032
2.464, 0.370313
2.465, 0.370306
2.466, 0.3703
2.467, 0.370293
2.468, 0.370286
2.469, 0.37028
2.47, 0.370273
2.471, 0.370266
2.472, 0.37026
2.473, 0.370253
2.474, 0.370247
2.475, 0.37024
2.476, 0.370233
2.477, 0.370227
2.478, 0.37022
2.479, 0.370214
2.48, 0.370207
2.481, 0.370201
2.482, 0.370194
2.483, 0.370188
2.484, 0.370181
2.485, 0.370175
2.486, 0.370168
2.487, 0.370162
2.488, 0.370155
2.489, 0.370149
2.49, 0.370143
2.491, 0.370136
2.492, 0.37013
2.493, 0.370123
2.494, 0.370117
2.495, 0.370111
2.496, 0.370104
2.497, 0.370098
2.498, 0.370092
2.499, 0.370085
2.5, 0.370079
2.501, 0.370073
2.502, 0.370067
2.503, 0.37006
2.504, 0.370054
2.505, 0.370048
2.506, 0.370042
2.507, 0.370035
2.508, 0.370029
2.509, 0.370023
2.51, 0.370017
2.511, 0.370011
2.512, 0.370004
2.513, 0.369998
2.514, 0.369992
2.515, 0.369986
2.516, 0.36998
2.517, 0.369974
2.518, 0.369968
2.519, 0.369962
2.52, 0.369955
2.521, 0.369949
2.522, 0.369943
2.523, 0.369937
2.524, 0.369931
2.525, 0.369925
2.526, 0.369919
2.527, 0.369913
2.528, 0.369907
2.529, 0.369901
2.53, 0.369895
2.531, 0.369889
2.532, 0.369883
2.533, 0.369877
2.534, 0.369871
2.535, 0.369865
2.536, 0.36986
2.537, 0.369854
2.538, 0.369848
2.539, 0.369842
2.54, 0.369836
2.541, 0.36983
2.542, 0.369824
2.543, 0.369818
2.544, 0.369813
2.545, 0.369807
2.546, 0.369801
2.547, 0.369795
2.548, 0.369789
2.549, 0.369784
2.55, 0.369778
2.551, 0.369772
2.552, 0.369766
2.553, 0.369761
2.554, 0.369755
2.555, 0.369749
2.556, 0.369743
2.557, 0.369738
2.558, 0.369732
2.559, 0.369726
2.56, 0.369721
2.561, 0.369715
2.562, 0.369709
2.563, 0.369704
2.564, 0.369698
2.565, 0.369693
2.566, 0.369687
2.567, 0.369681
2.568, 0.369676
2.569, 0.36967
2.57, 0.369665
2.571, 0.369659
2.572, 0.369653
2.573, 0.369648
2.574, 0.369642
2.575, 0.369637
2.576, 0.369631
2.577, 0.369626
2.578, 0.36962
2.579, 0.369615
2.58, 0.369609
2.581, 0.369604
2.582, 0.369598
2.583, 0.369593
2.584, 0.369588
2.585, 0.369582
2.586, 0.369577
2.587, 0.369571
2.588, 0.369566
2.589, 0.369561
2.59, 0.369555
2.591, 0.36955
2.592, 0.369544
2.593, 0.369539
2.594, 0.369534
2.595, 0.369528
2.596, 0.369523
2.597, 0.369518
2.598, 0.369513
2.599, 0.369507
2.6, 0.369502
2.601, 0.369497
2.602, 0.369491
2.603, 0.369486
2.604, 0.369481
2.605, 0.369476
2.606, 0.36947
2.607, 0.369465
2.608, 0.36946
2.609, 0.369455
2.61, 0.36945
2.611, 0.369444
2.612, 0.369439
2.613, 0.369434
2.614, 0.369429
2.615, 0.369424
2.616, 0.369419
2.617, 0.369414
2.618, 0.369408
2.619, 0.369403
2.62, 0.369398
2.621, 0.369393
2.622, 0.369388
2.623, 0.369383
2.624, 0.369378
2.625, 0.369373
2.626, 0.369368
2.627, 0.369363
2.628, 0.369358
2.629, 0.369353
2.63, 0.369348
2.631, 0.369343
2.632, 0.369338
2.633, 0.369333
2.634, 0.369328
2.635, 0.369323
2.636, 0.369318
2.637, 0.369313
2.638, 0.369308
2.639, 0.369303
2.64, 0.369298
2.641, 0.369293
2.642, 0.369288
2.643, 0.369283
2.644, 0.369278
2.645, 0.369273
2.646, 0.369269
2.647, 0.369264
2.648, 0.369259
2.649, 0.369254
2.65, 0.369249
2.651, 0.369244
2.652, 0.36924
2.653, 0.369235
2.654, 0.36923
2.655, 0.369225
2.656, 0.36922
2.657, 0.369216
2.658, 0.369211
2.659, 0.369206
2.66, 0.369201
2.661, 0.369196
2.662, 0.369192
2.663, 0.369187
2.664, 0.369182
2.665, 0.369178
2.666, 0.369173
2.667, 0.369168
2.668, 0.369163
2.669, 0.369159
2.67, 0.369154
2.671, 0.369149
2.672, 0.369145
2.673, 0.36914
2.674, 0.369135
2.675, 0.369131
2.676, 0.369126
2.677, 0.369122
2.678, 0.369117
2.679, 0.369112
2.68, 0.369108
2.681, 0.369103
2.682, 0.369099
2.683, 0.369094
2.684, 0.36909
2.685, 0.369085
2.686, 0.36908
2.687, 0.369076
2.688, 0.369071
2.689, 0.369067
2.69, 0.369062
2.691, 0.369058
2.692, 0.369053
2.693, 0.369049
2.694, 0.369044
2.695, 0.36904
2.696, 0.369035
2.697, 0.369031
2.698, 0.369026
2.699, 0.369022
2.7, 0.369018
2.701, 0.369013
2.702, 0.369009
2.703, 0.369004
2.704, 0.369
2.705, 0.368996
2.706, 0.368991
2.707, 0.368987
2.708, 0.368982
2.709, 0.368978
2.71, 0.368974
2.711, 0.368969
2.712, 0.368965
2.713, 0.368961
2.714, 0.368956
2.715, 0.368952
2.716, 0.368948
2.717, 0.368943
2.718, 0.368939
2.719, 0.368935
2.72, 0.36893
2.721, 0.368926
2.722, 0.368922
2.723, 0.368918
2.724, 0.368913
2.725, 0.368909
2.726, 0.368905
2.727, 0.368901
2.728, 0.368896
2.729, 0.368892
2.73, 0.368888
2.731, 0.368884
2.732, 0.36888
2.733, 0.368875
2.734, 0.368871
2.735, 0.368867
2.736, 0.368863
2.737, 0.368859
2.738, 0.368855
2.739, 0.368851
2.74, 0.368846
2.741, 0.368842
2.742, 0.368838
2.743, 0.368834
2.744, 0.36883
2.745, 0.368826
2.746, 0.368822
2.747, 0.368818
2.748, 0.368814
2.749, 0.368809
2.75, 0.368805
2.751, 0.368801
2.752, 0.368797
2.753, 0.368793
2.754, 0.368789
2.755, 0.368785
2.756, 0.368781
2.757, 0.368777
2.758, 0.368773
2.759, 0.368769
2.76, 0.368765
2.761, 0.368761
2.762, 0.368757
2.763, 0.368753
2.764, 0.368749
2.765, 0.368745
2.766, 0.368741
2.767, 0.368737
2.768, 0.368733
2.769, 0.36873
2.77, 0.368726
2.771, 0.368722
2.772, 0.368718
2.773, 0.368714
2.774, 0.36871
2.775, 0.368706
2.776, 0.368702
2.777, 0.368698
2.778, 0.368694
2.779, 0.368691
2.78, 0.368687
2.781, 0.368683
2.782, 0.368679
2.783, 0.368675
2.784, 0.368671
2.785, 0.368668
2.786, 0.368664
2.787, 0.36866
2.788, 0.368656
2.789, 0.368652
2.79, 0.368649
2.791, 0.368645
2.792, 0.368641
2.793, 0.368637
2.794, 0.368633
2.795, 0.36863
2.796, 0.368626
2.797, 0.368622
2.798, 0.368618
2.799, 0.368615
2.8, 0.368611
2.801, 0.368607
2.802, 0.368604
2.803, 0.3686
2.804, 0.368596
2.805, 0.368592
2.806, 0.368589
2.807, 0.368585
2.808, 0.368581
2.809, 0.368578
2.81, 0.368574
2.811, 0.36857
2.812, 0.368567
2.813, 0.368563
2.814, 0.36856
2.815, 0.368556
2.816, 0.368552
2.817, 0.368549
2.818, 0.368545
2.819, 0.368541
2.82, 0.368538
2.821, 0.368534
2.822, 0.368531
2.823, 0.368527
2.824, 0.368524
2.825, 0.36852
2.826, 0.368516
2.827, 0.368513
2.828, 0.368509
2.829, 0.368506
2.83, 0.368502
2.831, 0.368499
2.832, 0.368495
2.833, 0.368492
2.834, 0.368488
2.835, 0.368485
2.836, 0.368481
2.837, 0.368478
2.838, 0.368474
2.839, 0.368471
2.84, 0.368467
2.841, 0.368464
2.842, 0.36846
2.843, 0.368457
2.844, 0.368453
2.845, 0.36845
2.846, 0.368447
2.847, 0.368443
2.848, 0.36844
2.849, 0.368436
2.85, 0.368433
2.851, 0.368429
2.852, 0.368426
2.853, 0.368423
2.854, 0.368419
2.855, 0.368416
2.856, 0.368413
2.857, 0.368409
2.858, 0.368406
2.859, 0.368402
2.86, 0.368399
2.861, 0.368396
2.862, 0.368392
2.863, 0.368389
2.864, 0.368386
2.865, 0.368382
2.866, 0.368379
2.867, 0.368376
2.868, 0.368372
2.869, 0.368369
2.87, 0.368366
2.871, 0.368363
2.872, 0.368359
2.873, 0.368356
2.874, 0.368353
2.875, 0.368349
2.876, 0.368346
2.877, 0.368343
2.878, 0.36834
2.879, 0.368336
2.88, 0.368333
2.881, 0.36833
2.882, 0.368327
2.883, 0.368324
2.884, 0.36832
2.885, 0.368317
2.886, 0.368314
2.887, 0.368311
2.888, 0.368307
2.889, 0.368304
2.89, 0.368301
2.891, 0.368298
2.892, 0.368295
2.893, 0.368292
2.894, 0.368288
2.895, 0.368285
2.896, 0.368282
2.897, 0.368279
2.898, 0.368276
2.899, 0.368273
2.9, 0.36827
2.901, 0.368266
2.902, 0.368263
2.903, 0.36826
2.904, 0.368257
2.905, 0.368254
2.906, 0.368251
2.907, 0.368248
2.908, 0.368245
2.909, 0.368242
2.91, 0.368239
2.911, 0.368236
2.912, 0.368233
2.913, 0.368229
2.914, 0.368226
2.915, 0.368223
2.916, 0.36822
2.917, 0.368217
2.918, 0.368214
2.919, 0.368211
2.92, 0.368208
2.921, 0.368205
2.922, 0.368202
2.923, 0.368199
2.924, 0.368196
2.925, 0.368193
2.926, 0.36819
2.927, 0.368187
2.928, 0.368184
2.929, 0.368181
2.93, 0.368178
2.931, 0.368175
2.932, 0.368172
2.933, 0.368169
2.934, 0.368166
2.935, 0.368164
2.936, 0.368161
2.937, 0.368158
2.938, 0.368155
2.939, 0.368152
2.94, 0.368149
2.941, 0.368146
2.942, 0.368143
2.943, 0.36814
2.944, 0.368137
2.945, 0.368134
2.946, 0.368131
2.947, 0.368129
2.948, 0.368126
2.949, 0.368123
2.95, 0.36812
2.951, 0.368117
2.952, 0.368114
2.953, 0.368111
2.954, 0.368109
2.955, 0.368106
2.956, 0.368103
2.957, 0.3681
2.958, 0.368097
2.959, 0.368094
2.96, 0.368092
2.961, 0.368089
2.962, 0.368086
2.963, 0.368083
2.964, 0.36808
2.965, 0.368078
2.966, 0.368075
2.967, 0.368072
2.968, 0.368069
2.969, 0.368066
2.97, 0.368064
2.971, 0.368061
2.972, 0.368058
2.973, 0.368055
2.974, 0.368053
2.975, 0.36805
2.976, 0.368047
2.977, 0.368044
2.978, 0.368042
2.979, 0.368039
2.98, 0.368036
2.981, 0.368034
2.982, 0.368031
2.983, 0.368028
2.984, 0.368025
2.985, 0.368023
2.986, 0.36802
2.987, 0.368017
2.988, 0.368015
2.989, 0.368012
2.99, 0.368009
2.991, 0.368007
2.992, 0.368004
2.993, 0.368001
2.994, 0.367999
2.995, 0.367996
2.996, 0.367993
2.997, 0.367991
2.998, 0.367988
2.999, 0.367986
3, 0.367983
3.001, 0.36798
3.002, 0.367978
3.003, 0.367975
3.004, 0.367972
3.005, 0.36797
3.006, 0.367967
3.007, 0.367965
3.008, 0.367962
3.009, 0.367959
3.01, 0.367957
3.011, 0.367954
3.012, 0.367952
3.013, 0.367949
3.014, 0.367947
3.015, 0.367944
3.016, 0.367941
3.017, 0.367939
3.018, 0.367936
3.019, 0.367934
3.02, 0.367931
3.021, 0.367929
3.022, 0.367926
3.023, 0.367924
3.024, 0.367921
3.025, 0.367919
3.026, 0.367916
3.027, 0.367914
3.028, 0.367911
3.029, 0.367909
3.03, 0.367906
3.031, 0.367904
3.032, 0.367901
3.033, 0.367899
3.034, 0.367896
3.035, 0.367894
3.036, 0.367891
3.037, 0.367889
3.038, 0.367886
3.039, 0.367884
3.04, 0.367881
3.041, 0.367879
3.042, 0.367877
3.043, 0.367874
3.044, 0.367872
3.045, 0.367869
3.046, 0.367867
3.047, 0.367864
3.048, 0.367862
3.049, 0.36786
3.05, 0.367857
3.051, 0.367855
3.052, 0.367852
3.053, 0.36785
3.054, 0.367848
3.055, 0.367845
3.056, 0.367843
3.057, 0.36784
3.058, 0.367838
3.059, 0.367836
3.06, 0.367833
3.061, 0.367831
3.062, 0.367829
3.063, 0.367826
3.064, 0.367824
3.065, 0.367822
3.066, 0.367819
3.067, 0.367817
3.068, 0.367815
3.069, 0.367812
3.07, 0.36781
3.071, 0.367808
3.072, 0.367805
3.073, 0.367803
3.074, 0.367801
3.075, 0.367798
3.076, 0.367796
3.077, 0.367794
3.078, 0.367791
3.079, 0.367789
3.08, 0.367787
3.081, 0.367785
3.082, 0.367782
3.083, 0.36778
3.084, 0.367778
3.085, 0.367776
3.086, 0.367773
3.087, 0.367771
3.088, 0.367769
3.089, 0.367767
3.09, 0.367764
3.091, 0.367762
3.092, 0.36776
3.093, 0.367758
3.094, 0.367755
3.095, 0.367753
3.096, 0.367751
3.097, 0.367749
3.098, 0.367746
3.099, 0.367744
3.1, 0.367742
3.101, 0.36774
3.102, 0.367738
3.103, 0.367735
3.104, 0.367733
3.105, 0.367731
3.106, 0.367729
3.107, 0.367727
3.108, 0.367724
3.109, 0.367722
3.11, 0.36772
3.111, 0.367718
3.112, 0.367716
3.113, 0.367714
3.114, 0.367712
3.115, 0.367709
3.116, 0.367707
3.117, 0.367705
3.118, 0.367703
3.119, 0.367701
3.12, 0.367699
3.121, 0.367697
3.122, 0.367694
3.123, 0.367692
3.124, 0.36769
3.125, 0.367688
3.126, 0.367686
3.127, 0.367684
3.128, 0.367682
3.129, 0.36768
3.13, 0.367678
3.131, 0.367675
3.132, 0.367673
3.133, 0.367671
3.134, 0.367669
3.135, 0.367667
3.136, 0.367665
3.137, 0.367663
3.138, 0.367661
3.139, 0.367659
3.14, 0.367657
3.141, 0.367655
3.142, 0.367653
3.143, 0.367651
3.144, 0.367649
3.145, 0.367647
3.146, 0.367645
3.147, 0.367643
3.148, 0.36764
3.149, 0.367638
3.15, 0.367636
3.151, 0.367634
3.152, 0.367632
3.153, 0.36763
3.154, 0.367628
3.155, 0.367626
3.156, 0.367624
3.157, 0.367622
3.158, 0.36762
3.159, 0.367618
3.16, 0.367616
3.161, 0.367614
3.162, 0.367612
3.163, 0.36761
3.164, 0.367608
3.165, 0.367607
3.166, 0.367605
3.167, 0.367603
3.168, 0.367601
3.169, 0.367599
3.17, 0.367597
3.171, 0.367595
3.172, 0.367593
3.173, 0.367591
3.174, 0.367589
3.175, 0.367587
3.176, 0.367585
3.177, 0.367583
3.178, 0.367581
3.179, 0.367579
3.18, 0.367577
3.181, 0.367575
3.182, 0.367574
3.183, 0.367572
3.184, 0.36757
3.185, 0.367568
3.186, 0.367566
3.187, 0.367564
3.188, 0.367562
3.189, 0.36756
3.19, 0.367558
3.191, 0.367556
3.192, 0.367555
3.193, 0.367553
3.194, 0.367551
3.195, 0.367549
3.196, 0.367547
3.197, 0.367545
3.198, 0.367543
3.199, 0.367542
3.2, 0.36754
3.201, 0.367538
3.202, 0.367536
3.203, 0.367534
3.204, 0.367532
3.205, 0.36753
3.206, 0.367529
3.207, 0.367527
3.208, 0.367525
3.209, 0.367523
3.21, 0.367521
3.211, 0.367519
3.212, 0.367518
3.213, 0.367516
3.214, 0.367514
3.215, 0.367512
3.216, 0.36751
3.217, 0.367509
3.218, 0.367507
3.219, 0.367505
3.22, 0.367503
3.221, 0.367501
3.222, 0.3675
3.223, 0.367498
3.224, 0.367496
3.225, 0.367494
3.226, 0.367493
3.227, 0.367491
3.228, 0.367489
3.229, 0.367487
3.23, 0.367485
3.231, 0.367484
3.232, 0.367482
3.233, 0.36748
3.234, 0.367478
3.235, 0.367477
3.236, 0.367475
3.237, 0.367473
3.238, 0.367472
3.239, 0.36747
3.24, 0.367468
3.241, 0.367466
3.242, 0.367465
3.243, 0.367463
3.244, 0.367461
3.245, 0.367459
3.246, 0.367458
3.247, 0.367456
3.248, 0.367454
3.249, 0.367453
3.25, 0.367451
3.251, 0.367449
3.252, 0.367448
3.253, 0.367446
3.254, 0.367444
3.255, 0.367442
3.256, 0.367441
3.257, 0.367439
3.258, 0.367437
3.259, 0.367436
3.26, 0.367434
3.261, 0.367432
3.262, 0.367431
3.263, 0.367429
3.264, 0.367427
3.265, 0.367426
3.266, 0.367424
3.267, 0.367422
3.268, 0.367421
3.269, 0.367419
3.27, 0.367418
3.271, 0.367416
3.272, 0.367414
3.273, 0.367413
3.274, 0.367411
3.275, 0.367409
3.276, 0.367408
3.277, 0.367406
3.278, 0.367405
3.279, 0.367403
3.28, 0.367401
3.281, 0.3674
3.282, 0.367398
3.283, 0.367396
3.284, 0.367395
3.285, 0.367393
3.286, 0.367392
3.287, 0.36739
3.288, 0.367388
3.289, 0.367387
3.29, 0.367385
3.291, 0.367384
3.292, 0.367382
3.293, 0.367381
3.294, 0.367379
3.295, 0.367377
3.296, 0.367376
3.297, 0.367374
3.298, 0.367373
3.299, 0.367371
3.3, 0.36737
3.301, 0.367368
3.302, 0.367366
3.303, 0.367365
3.304, 0.367363
3.305, 0.367362
3.306, 0.36736
3.307, 0.367359
3.308, 0.367357
3.309, 0.367356
3.31, 0.367354
3.311, 0.367353
3.312, 0.367351
3.313, 0.36735
3.314, 0.367348
3.315, 0.367347
3.316, 0.367345
3.317, 0.367344
3.318, 0.367342
3.319, 0.367341
3.32, 0.367339
3.321, 0.367338
3.322, 0.367336
3.323, 0.367335
3.324, 0.367333
3.325, 0.367332
3.326, 0.36733
3.327, 0.367329
3.328, 0.367327
3.329, 0.367326
3.33, 0.367324
3.331, 0.367323
3.332, 0.367321
3.333, 0.36732
3.334, 0.367318
3.335, 0.367317
3.336, 0.367315
3.337, 0.367314
3.338, 0.367312
3.339, 0.367311
3.34, 0.367309
3.341, 0.367308
3.342, 0.367307
3.343, 0.367305
3.344, 0.367304
3.345, 0.367302
3.346, 0.367301
3.347, 0.367299
3.348, 0.367298
3.349, 0.367296
3.35, 0.367295
3.351, 0.367294
3.352, 0.367292
3.353, 0.367291
3.354, 0.367289
3.355, 0.367288
3.356, 0.367287
3.357, 0.367285
3.358, 0.367284
3.359, 0.367282
3.36, 0.367281
3.361, 0.367279
3.362, 0.367278
3.363, 0.367277
3.364, 0.367275
3.365, 0.367274
3.366, 0.367273
3.367, 0.367271
3.368, 0.36727
3.369, 0.367268
3.37, 0.367267
3.371, 0.367266
3.372, 0.367264
3.373, 0.367263
3.374, 0.367262
3.375, 0.36726
3.376, 0.367259
3.377, 0.367257
3.378, 0.367256
3.379, 0.367255
3.38, 0.367253
3.381, 0.367252
3.382, 0.367251
3.383, 0.367249
3.384, 0.367248
3.385, 0.367247
3.386, 0.367245
3.387, 0.367244
3.388, 0.367243
3.389, 0.367241
3.39, 0.36724
3.391, 0.367239
3.392, 0.367237
3.393, 0.367236
3.394, 0.367235
3.395, 0.367233
3.396, 0.367232
3.397, 0.367231
3.398, 0.367229
3.399, 0.367228
3.4, 0.367227
3.401, 0.367225
3.402, 0.367224
3.403, 0.367223
3.404, 0.367221
3.405, 0.36722
3.406, 0.367219
3.407, 0.367218
3.408, 0.367216
3.409, 0.367215
3.41, 0.367214
3.411, 0.367212
3.412, 0.367211
3.413, 0.36721
3.414, 0.367209
3.415, 0.367207
3.416, 0.367206
3.417, 0.367205
3.418, 0.367204
3.419, 0.367202
3.42, 0.367201
3.421, 0.3672
3.422, 0.367198
3.423, 0.367197
3.424, 0.367196
3.425, 0.367195
3.426, 0.367193
3.427, 0.367192
3.428, 0.367191
3.429, 0.36719
3.43, 0.367188
3.431, 0.367187
3.432, 0.367186
3.433, 0.367185
3.434, 0.367184
3.435, 0.367182
3.436, 0.367181
3.437, 0.36718
3.438, 0.367179
3.439, 0.367177
3.44, 0.367176
3.441, 0.367175
3.442, 0.367174
3.443, 0.367172
3.444, 0.367171
3.445, 0.36717
3.446, 0.367169
3.447, 0.367168
3.448, 0.367166
3.449, 0.367165
3.45, 0.367164
3.451, 0.367163
3.452, 0.367162
3.453, 0.36716
3.454, 0.367159
3.455, 0.367158
3.456, 0.367157
3.457, 0.367156
3.458, 0.367155
3.459, 0.367153
3.46, 0.367152
3.461, 0.367151
3.462, 0.36715
3.463, 0.367149
3.464, 0.367147
3.465, 0.367146
3.466, 0.367145
3.467, 0.367144
3.468, 0.367143
3.469, 0.367142
3.47, 0.36714
3.471, 0.367139
3.472, 0.367138
3.473, 0.367137
3.474, 0.367136
3.475, 0.367135
3.476, 0.367134
3.477, 0.367132
3.478, 0.367131
3.479, 0.36713
3.48, 0.367129
3.481, 0.367128
3.482, 0.367127
3.483, 0.367126
3.484, 0.367124
3.485, 0.367123
3.486, 0.367122
3.487, 0.367121
3.488, 0.36712
3.489, 0.367119
3.49, 0.367118
3.491, 0.367117
3.492, 0.367115
3.493, 0.367114
3.494, 0.367113
3.495, 0.367112
3.496, 0.367111
3.497, 0.36711
3.498, 0.367109
3.499, 0.367108
3.5, 0.367107
3.501, 0.367106
3.502, 0.367104
3.503, 0.367103
3.504, 0.367102
3.505, 0.367101
3.506, 0.3671
3.507, 0.367099
3.508, 0.367098
3.509, 0.367097
3.51, 0.367096
3.511, 0.367095
3.512, 0.367094
3.513, 0.367092
3.514, 0.367091
3.515, 0.36709
3.516, 0.367089
3.517, 0.367088
3.518, 0.367087
3.519, 0.367086
3.52, 0.367085
3.521, 0.367084
3.522, 0.367083
3.523, 0.367082
3.524, 0.367081
3.525, 0.36708
3.526, 0.367079
3.527, 0.367078
3.528, 0.367077
3.529, 0.367075
3.53, 0.367074
3.531, 0.367073
3.532, 0.367072
3.533, 0.367071
3.534, 0.36707
3.535, 0.367069
3.536, 0.367068
3.537, 0.367067
3.538, 0.367066
3.539, 0.367065
3.54, 0.367064
3.541, 0.367063
3.542, 0.367062
3.543, 0.367061
3.544, 0.36706
3.545, 0.367059
3.546, 0.367058
3.547, 0.367057
3.548, 0.367056
3.549, 0.367055
3.55, 0.367054
3.551, 0.367053
3.552, 0.367052
3.553, 0.367051
3.554, 0.36705
3.555, 0.367049
3.556, 0.367048
3.557, 0.367047
3.558, 0.367046
3.559, 0.367045
3.56, 0.367044
3.561, 0.367043
3.562, 0.367042
3.563, 0.367041
3.564, 0.36704
3.565, 0.367039
3.566, 0.367038
3.567, 0.367037
3.568, 0.367036
3.569, 0.367035
3.57, 0.367034
3.571, 0.367033
3.572, 0.367032
3.573, 0.367031
3.574, 0.36703
3.575, 0.367029
3.576, 0.367028
3.577, 0.367027
3.578, 0.367026
3.579, 0.367025
3.58, 0.367024
3.581, 0.367024
3.582, 0.367023
3.583, 0.367022
3.584, 0.367021
3.585, 0.36702
3.586, 0.367019
3.587, 0.367018
3.588, 0.367017
3.589, 0.367016
3.59, 0.367015
3.591, 0.367014
3.592, 0.367013
3.593, 0.367012
3.594, 0.367011
3.595, 0.36701
3.596, 0.367009
3.597, 0.367008
3.598, 0.367008
3.599, 0.367007
3.6, 0.367006
3.601, 0.367005
3.602, 0.367004
3.603, 0.367003
3.604, 0.367002
3.605, 0.367001
3.606, 0.367
3.607, 0.366999
3.608, 0.366998
3.609, 0.366997
3.61, 0.366996
3.611, 0.366996
3.612, 0.366995
3.613, 0.366994
3.614, 0.366993
3.615, 0.366992
3.616, 0.366991
3.617, 0.36699
3.618, 0.366989
3.619, 0.366988
3.62, 0.366987
3.621, 0.366987
3.622, 0.366986
3.623, 0.366985
3.624, 0.366984
3.625, 0.366983
3.626, 0.366982
3.627, 0.366981
3.628, 0.36698
3.629, 0.36698
3.63, 0.366979
3.631, 0.366978
3.632, 0.366977
3.633, 0.366976
3.634, 0.366975
3.635, 0.366974
3.636, 0.366973
3.637, 0.366973
3.638, 0.366972
3.639, 0.366971
3.64, 0.36697
3.641, 0.366969
3.642, 0.366968
3.643, 0.366967
3.644, 0.366966
3.645, 0.366966
3.646, 0.366965
3.647, 0.366964
3.648, 0.366963
3.649, 0.366962
3.65, 0.366961
3.651, 0.366961
3.652, 0.36696
3.653, 0.366959
3.654, 0.366958
3.655, 0.366957
3.656, 0.366956
3.657, 0.366955
3.658, 0.366955
3.659, 0.366954
3.66, 0.366953
3.661, 0.366952
3.662, 0.366951
3.663, 0.36695
3.664, 0.36695
3.665, 0.366949
3.666, 0.366948
3.667, 0.366947
3.668, 0.366946
3.669, 0.366946
3.67, 0.366945
3.671, 0.366944
3.672, 0.366943
3.673, 0.366942
3.674, 0.366941
3.675, 0.366941
3.676, 0.36694
3.677, 0.366939
3.678, 0.366938
3.679, 0.366937
3.68, 0.366937
3.681, 0.366936
3.682, 0.366935
3.683, 0.366934
3.684, 0.366933
3.685, 0.366933
3.686, 0.366932
3.687, 0.366931
3.688, 0.36693
3.689, 0.366929
3.69, 0.366929
3.691, 0.366928
3.692, 0.366927
3.693, 0.366926
3.694, 0.366925
3.695, 0.366925
3.696, 0.366924
3.697, 0.366923
3.698, 0.366922
3.699, 0.366922
3.7, 0.366921
3.701, 0.36692
3.702, 0.366919
3.703, 0.366918
3.704, 0.366918
3.705, 0.366917
3.706, 0.366916
3.707, 0.366915
3.708, 0.366915
3.709, 0.366914
3.71, 0.366913
3.711, 0.366912
3.712, 0.366912
3.713, 0.366911
3.714, 0.36691
3.715, 0.366909
3.716, 0.366909
3.717, 0.366908
3.718, 0.366907
3.719, 0.366906
3.72, 0.366906
3.721, 0.366905
3.722, 0.366904
3.723, 0.366903
3.724, 0.366903
3.725, 0.366902
3.726, 0.366901
3.727, 0.3669
3.728, 0.3669
3.729, 0.366899
3.73, 0.366898
3.731, 0.366897
3.732, 0.366897
3.733, 0.366896
3.734, 0.366895
3.735, 0.366894
3.736, 0.366894
3.737, 0.366893
3.738, 0.366892
3.739, 0.366891
3.74, 0.366891
3.741, 0.36689
3.742, 0.366889
3.743, 0.366889
3.744, 0.366888
3.745, 0.366887
3.746, 0.366886
3.747, 0.366886
3.748, 0.366885
3.749, 0.366884
3.75, 0.366884
3.751, 0.366883
3.752, 0.366882
3.753, 0.366881
3.754, 0.366881
3.755, 0.36688
3.756, 0.366879
3.757, 0.366879
3.758, 0.366878
3.759, 0.366877
3.76, 0.366877
3.761, 0.366876
3.762, 0.366875
3.763, 0.366874
3.764, 0.366874
3.765, 0.366873
3.766, 0.366872
3.767, 0.366872
3.768, 0.366871
3.769, 0.36687
3.77, 0.36687
3.771, 0.366869
3.772, 0.366868
3.773, 0.366868
3.774, 0.366867
3.775, 0.366866
3.776, 0.366865
3.777, 0.366865
3.778, 0.366864
3.779, 0.366863
3.78, 0.366863
3.781, 0.366862
3.782, 0.366861
3.783, 0.366861
3.784, 0.36686
3.785, 0.366859
3.786, 0.366859
3.787, 0.366858
3.788, 0.366857
3.789, 0.366857
3.79, 0.366856
3.791, 0.366855
3.792, 0.366855
3.793, 0.366854
3.794, 0.366853
3.795, 0.366853
3.796, 0.366852
3.797, 0.366851
3.798, 0.366851
3.799, 0.36685
3.8, 0.366849
3.801, 0.366849
3.802, 0.366848
3.803, 0.366848
3.804, 0.366847
3.805, 0.366846
3.806, 0.366846
3.807, 0.366845
3.808, 0.366844
3.809, 0.366844
3.81, 0.366843
3.811, 0.366842
3.812, 0.366842
3.813, 0.366841
3.814, 0.36684
3.815, 0.36684
3.816, 0.366839
3.817, 0.366839
3.818, 0.366838
3.819, 0.366837
3.82, 0.366837
3.821, 0.366836
3.822, 0.366835
3.823, 0.366835
3.824, 0.366834
3.825, 0.366833
3.826, 0.366833
3.827, 0.366832
3.828, 0.366832
3.829, 0.366831
3.83, 0.36683
3.831, 0.36683
3.832, 0.366829
3.833, 0.366829
3.834, 0.366828
3.835, 0.366827
3.836, 0.366827
3.837, 0.366826
3.838, 0.366825
3.839, 0.366825
3.84, 0.366824
3.841, 0.366824
3.842, 0.366823
3.843, 0.366822
3.844, 0.366822
3.845, 0.366821
3.846, 0.366821
3.847, 0.36682
3.848, 0.366819
3.849, 0.366819
3.85, 0.366818
3.851, 0.366818
3.852, 0.366817
3.853, 0.366816
3.854, 0.366816
3.855, 0.366815
3.856, 0.366815
3.857, 0.366814
3.858, 0.366813
3.859, 0.366813
3.86, 0.366812
3.861, 0.366812
3.862, 0.366811
3.863, 0.36681
3.864, 0.36681
3.865, 0.366809
3.866, 0.366809
3.867, 0.366808
3.868, 0.366808
3.869, 0.366807
3.87, 0.366806
3.871, 0.366806
3.872, 0.366805
3.873, 0.366805
3.874, 0.366804
3.875, 0.366804
3.876, 0.366803
3.877, 0.366802
3.878, 0.366802
3.879, 0.366801
3.88, 0.366801
3.881, 0.3668
3.882, 0.3668
3.883, 0.366799
3.884, 0.366798
3.885, 0.366798
3.886, 0.366797
3.887, 0.366797
3.888, 0.366796
3.889, 0.366796
3.89, 0.366795
3.891, 0.366794
3.892, 0.366794
3.893, 0.366793
3.894, 0.366793
3.895, 0.366792
3.896, 0.366792
3.897, 0.366791
3.898, 0.366791
3.899, 0.36679
3.9, 0.366789
3.901, 0.366789
3.902, 0.366788
3.903, 0.366788
3.904, 0.366787
3.905, 0.366787
3.906, 0.366786
3.907, 0.366786
3.908, 0.366785
3.909, 0.366785
3.91, 0.366784
3.911, 0.366784
3.912, 0.366783
3.913, 0.366782
3.914, 0.366782
3.915, 0.366781
3.916, 0.366781
3.917, 0.36678
3.918, 0.36678
3.919, 0.366779
3.92, 0.366779
3.921, 0.366778
3.922, 0.366778
3.923, 0.366777
3.924, 0.366777
3.925, 0.366776
3.926, 0.366776
3.927, 0.366775
3.928, 0.366774
3.929, 0.366774
3.93, 0.366773
3.931, 0.366773
3.932, 0.366772
3.933, 0.366772
3.934, 0.366771
3.935, 0.366771
3.936, 0.36677
3.937, 0.36677
3.938, 0.366769
3.939, 0.366769
3.94, 0.366768
3.941, 0.366768
3.942, 0.366767
3.943, 0.366767
3.944, 0.366766
3.945, 0.366766
3.946, 0.366765
3.947, 0.366765
3.948, 0.366764
3.949, 0.366764
3.95, 0.366763
3.951, 0.366763
3.952, 0.366762
3.953, 0.366762
3.954, 0.366761
3.955, 0.366761
3.956, 0.36676
3.957, 0.36676
3.958, 0.366759
3.959, 0.366759
3.96, 0.366758
3.961, 0.366758
3.962, 0.366757
3.963, 0.366757
3.964, 0.366756
3.965, 0.366756
3.966, 0.366755
3.967, 0.366755
3.968, 0.366754
3.969, 0.366754
3.97, 0.366753
3.971, 0.366753
3.972, 0.366752
3.973, 0.366752
3.974, 0.366751
3.975, 0.366751
3.976, 0.36675
3.977, 0.36675
3.978, 0.366749
3.979, 0.366749
3.98, 0.366748
3.981, 0.366748
3.982, 0.366748
3.983, 0.366747
3.984, 0.366747
3.985, 0.366746
3.986, 0.366746
3.987, 0.366745
3.988, 0.366745
3.989, 0.366744
3.99, 0.366744
3.991, 0.366743
3.992, 0.366743
3.993, 0.366742
3.994, 0.366742
3.995, 0.366741
3.996, 0.366741
3.997, 0.36674
3.998, 0.36674
3.999, 0.36674
4, 0.366739
4.001, 0.366739
4.002, 0.366738
4.003, 0.366738
4.004, 0.366737
4.005, 0.366737
4.006, 0.366736
4.007, 0.366736
4.008, 0.366735
4.009, 0.366735
4.01, 0.366734
4.011, 0.366734
4.012, 0.366734
4.013, 0.366733
4.014, 0.366733
4.015, 0.366732
4.016, 0.366732
4.017, 0.366731
4.018, 0.366731
4.019, 0.36673
4.02, 0.36673
4.021, 0.36673
4.022, 0.366729
4.023, 0.366729
4.024, 0.366728
4.025, 0.366728
4.026, 0.366727
4.027, 0.366727
4.028, 0.366726
4.029, 0.366726
4.03, 0.366726
4.031, 0.366725
4.032, 0.366725
4.033, 0.366724
4.034, 0.366724
4.035, 0.366723
4.036, 0.366723
4.037, 0.366723
4.038, 0.366722
4.039, 0.366722
4.04, 0.366721
4.041, 0.366721
4.042, 0.36672
4.043, 0.36672
4.044, 0.36672
4.045, 0.366719
4.046, 0.366719
4.047, 0.366718
4.048, 0.366718
4.049, 0.366717
4.05, 0.366717
4.051, 0.366717
4.052, 0.366716
4.053, 0.366716
4.054, 0.366715
4.055, 0.366715
4.056, 0.366714
4.057, 0.366714
4.058, 0.366714
4.059, 0.366713
4.06, 0.366713
4.061, 0.366712
4.062, 0.366712
4.063, 0.366712
4.064, 0.366711
4.065, 0.366711
4.066, 0.36671
4.067, 0.36671
4.068, 0.366709
4.069, 0.366709
4.07, 0.366709
4.071, 0.366708
4.072, 0.366708
4.073, 0.366707
4.074, 0.366707
4.075, 0.366707
4.076, 0.366706
4.077, 0.366706
4.078, 0.366705
4.079, 0.366705
4.08, 0.366705
4.081, 0.366704
4.082, 0.366704
4.083, 0.366703
4.084, 0.366703
4.085, 0.366703
4.086, 0.366702
4.087, 0.366702
4.088, 0.366701
4.089, 0.366701
4.09, 0.366701
4.091, 0.3667
4.092, 0.3667
4.093, 0.366699
4.094, 0.366699
4.095, 0.366699
4.096, 0.366698
4.097, 0.366698
4.098, 0.366697
4.099, 0.366697
4.1, 0.366697
4.101, 0.366696
4.102, 0.366696
4.103, 0.366696
4.104, 0.366695
4.105, 0.366695
4.106, 0.366694
4.107, 0.366694
4.108, 0.366694
4.109, 0.366693
4.11, 0.366693
4.111, 0.366692
4.112, 0.366692
4.113, 0.366692
4.114, 0.366691
4.115, 0.366691
4.116, 0.366691
4.117, 0.36669
4.118, 0.36669
4.119, 0.366689
4.12, 0.366689
4.121, 0.366689
4.122, 0.366688
4.123, 0.366688
4.124, 0.366688
4.125, 0.366687
4.126, 0.366687
4.127, 0.366686
4.128, 0.366686
4.129, 0.366686
4.13, 0.366685
4.131, 0.366685
4.132, 0.366685
4.133, 0.366684
4.134, 0.366684
4.135, 0.366684
4.136, 0.366683
4.137, 0.366683
4.138, 0.366682
4.139, 0.366682
4.14, 0.366682
4.141, 0.366681
4.142, 0.366681
4.143, 0.366681
4.144, 0.36668
4.145, 0.36668
4.146, 0.36668
4.147, 0.366679
4.148, 0.366679
4.149, 0.366678
4.15, 0.366678
4.151, 0.366678
4.152, 0.366677
4.153, 0.366677
4.154, 0.366677
4.155, 0.366676
4.156, 0.366676
4.157, 0.366676
4.158, 0.366675
4.159, 0.366675
4.16, 0.366675
4.161, 0.366674
4.162, 0.366674
4.163, 0.366674
4.164, 0.366673
4.165, 0.366673
4.166, 0.366672
4.167, 0.366672
4.168, 0.366672
4.169, 0.366671
4.17, 0.366671
4.171, 0.366671
4.172, 0.36667
4.173, 0.36667
4.174, 0.36667
4.175, 0.366669
4.176, 0.366669
4.177, 0.366669
4.178, 0.366668
4.179, 0.366668
4.18, 0.366668
4.181, 0.366667
4.182, 0.366667
4.183, 0.366667
4.184, 0.366666
4.185, 0.366666
4.186, 0.366666
4.187, 0.366665
4.188, 0.366665
4.189, 0.366665
4.19, 0.366664
4.191, 0.366664
4.192, 0.366664
4.193, 0.366663
4.194, 0.366663
4.195, 0.366663
4.196, 0.366662
4.197, 0.366662
4.198, 0.366662
4.199, 0.366661
4.2, 0.366661
4.201, 0.366661
4.202, 0.36666
4.203, 0.36666
4.204, 0.36666
4.205, 0.366659
4.206, 0.366659
4.207, 0.366659
4.208, 0.366658
4.209, 0.366658
4.21, 0.366658
4.211, 0.366657
4.212, 0.366657
4.213, 0.366657
4.214, 0.366657
4.215, 0.366656
4.216, 0.366656
4.217, 0.366656
4.218, 0.366655
4.219, 0.366655
4.22, 0.366655
4.221, 0.366654
4.222, 0.366654
4.223, 0.366654
4.224, 0.366653
4.225, 0.366653
4.226, 0.366653
4.227, 0.366652
4.228, 0.366652
4.229, 0.366652
4.23, 0.366652
4.231, 0.366651
4.232, 0.366651
4.233, 0.366651
4.234, 0.36665
4.235, 0.36665
4.236, 0.36665
4.237, 0.366649
4.238, 0.366649
4.239, 0.366649
4.24, 0.366648
4.241, 0.366648
4.242, 0.366648
4.243, 0.366648
4.244, 0.366647
4.245, 0.366647
4.246, 0.366647
4.247, 0.366646
4.248, 0.366646
4.249, 0.366646
4.25, 0.366645
4.251, 0.366645
4.252, 0.366645
4.253, 0.366645
4.254, 0.366644
4.255, 0.366644
4.256, 0.366644
4.257, 0.366643
4.258, 0.366643
4.259, 0.366643
4.26, 0.366642
4.261, 0.366642
4.262, 0.366642
4.263, 0.366642
4.264, 0.366641
4.265, 0.366641
4.266, 0.366641
4.267, 0.36664
4.268, 0.36664
4.269, 0.36664
4.27, 0.36664
4.271, 0.366639
4.272, 0.366639
4.273, 0.366639
4.274, 0.366638
4.275, 0.366638
4.276, 0.366638
4.277, 0.366638
4.278, 0.366637
4.279, 0.366637
4.28, 0.366637
4.281, 0.366636
4.282, 0.366636
4.283, 0.366636
4.284, 0.366636
4.285, 0.366635
4.286, 0.366635
4.287, 0.366635
4.288, 0.366634
4.289, 0.366634
4.29, 0.366634
4.291, 0.366634
4.292, 0.366633
4.293, 0.366633
4.294, 0.366633
4.295, 0.366632
4.296, 0.366632
4.297, 0.366632
4.298, 0.366632
4.299, 0.366631
4.3, 0.366631
4.301, 0.366631
4.302, 0.366631
4.303, 0.36663
4.304, 0.36663
4.305, 0.36663
4.306, 0.366629
4.307, 0.366629
4.308, 0.366629
4.309, 0.366629
4.31, 0.366628
4.311, 0.366628
4.312, 0.366628
4.313, 0.366628
4.314, 0.366627
4.315, 0.366627
4.316, 0.366627
4.317, 0.366626
4.318, 0.366626
4.319, 0.366626
4.32, 0.366626
4.321, 0.366625
4.322, 0.366625
4.323, 0.366625
4.324, 0.366625
4.325, 0.366624
4.326, 0.366624
4.327, 0.366624
4.328, 0.366624
4.329, 0.366623
4.33, 0.366623
4.331, 0.366623
4.332, 0.366623
4.333, 0.366622
4.334, 0.366622
4.335, 0.366622
4.336, 0.366622
4.337, 0.366621
4.338, 0.366621
4.339, 0.366621
4.34, 0.36662
4.341, 0.36662
4.342, 0.36662
4.343, 0.36662
4.344, 0.366619
4.345, 0.366619
4.346, 0.366619
4.347, 0.366619
4.348, 0.366618
4.349, 0.366618
4.35, 0.366618
4.351, 0.366618
4.352, 0.366617
4.353, 0.366617
4.354, 0.366617
4.355, 0.366617
4.356, 0.366616
4.357, 0.366616
4.358, 0.366616
4.359, 0.366616
4.36, 0.366615
4.361, 0.366615
4.362, 0.366615
4.363, 0.366615
4.364, 0.366614
4.365, 0.366614
4.366, 0.366614
4.367, 0.366614
4.368, 0.366613
4.369, 0.366613
4.37, 0.366613
4.371, 0.366613
4.372, 0.366613
4.373, 0.366612
4.374, 0.366612
4.375, 0.366612
4.376, 0.366612
4.377, 0.366611
4.378, 0.366611
4.379, 0.366611
4.38, 0.366611
4.381, 0.36661
4.382, 0.36661
4.383, 0.36661
4.384, 0.36661
4.385, 0.366609
4.386, 0.366609
4.387, 0.366609
4.388, 0.366609
4.389, 0.366608
4.39, 0.366608
4.391, 0.366608
4.392, 0.366608
4.393, 0.366608
4.394, 0.366607
4.395, 0.366607
4.396, 0.366607
4.397, 0.366607
4.398, 0.366606
4.399, 0.366606
4.4, 0.366606
4.401, 0.366606
4.402, 0.366605
4.403, 0.366605
4.404, 0.366605
4.405, 0.366605
4.406, 0.366605
4.407, 0.366604
4.408, 0.366604
4.409, 0.366604
4.41, 0.366604
4.411, 0.366603
4.412, 0.366603
4.413, 0.366603
4.414, 0.366603
4.415, 0.366602
4.416, 0.366602
4.417, 0.366602
4.418, 0.366602
4.419, 0.366602
4.42, 0.366601
4.421, 0.366601
4.422, 0.366601
4.423, 0.366601
4.424, 0.3666
4.425, 0.3666
4.426, 0.3666
4.427, 0.3666
4.428, 0.3666
4.429, 0.366599
4.43, 0.366599
4.431, 0.366599
4.432, 0.366599
4.433, 0.366598
4.434, 0.366598
4.435, 0.366598
4.436, 0.366598
4.437, 0.366598
4.438, 0.366597
4.439, 0.366597
4.44, 0.366597
4.441, 0.366597
4.442, 0.366597
4.443, 0.366596
4.444, 0.366596
4.445, 0.366596
4.446, 0.366596
4.447, 0.366595
4.448, 0.366595
4.449, 0.366595
4.45, 0.366595
4.451, 0.366595
4.452, 0.366594
4.453, 0.366594
4.454, 0.366594
4.455, 0.366594
4.456, 0.366594
4.457, 0.366593
4.458, 0.366593
4.459, 0.366593
4.46, 0.366593
4.461, 0.366593
4.462, 0.366592
4.463, 0.366592
4.464, 0.366592
4.465, 0.366592
4.466, 0.366591
4.467, 0.366591
4.468, 0.366591
4.469, 0.366591
4.47, 0.366591
4.471, 0.36659
4.472, 0.36659
4.473, 0.36659
4.474, 0.36659
4.475, 0.36659
4.476, 0.366589
4.477, 0.366589
4.478, 0.366589
4.479, 0.366589
4.48, 0.366589
4.481, 0.366588
4.482, 0.366588
4.483, 0.366588
4.484, 0.366588
4.485, 0.366588
4.486, 0.366587
4.487, 0.366587
4.488, 0.366587
4.489, 0.366587
4.49, 0.366587
4.491, 0.366586
4.492, 0.366586
4.493, 0.366586
4.494, 0.366586
4.495, 0.366586
4.496, 0.366585
4.497, 0.366585
4.498, 0.366585
4.499, 0.366585
4.5, 0.366585
4.501, 0.366585
4.502, 0.366584
4.503, 0.366584
4.504, 0.366584
4.505, 0.366584
4.506, 0.366584
4.507, 0.366583
4.508, 0.366583
4.509, 0.366583
4.51, 0.366583
4.511, 0.366583
4.512, 0.366582
4.513, 0.366582
4.514, 0.366582
4.515, 0.366582
4.516, 0.366582
4.517, 0.366581
4.518, 0.366581
4.519, 0.366581
4.52, 0.366581
4.521, 0.366581
4.522, 0.366581
4.523, 0.36658
4.524, 0.36658
4.525, 0.36658
4.526, 0.36658
4.527, 0.36658
4.528, 0.366579
4.529, 0.366579
4.53, 0.366579
4.531, 0.366579
4.532, 0.366579
4.533, 0.366578
4.534, 0.366578
4.535, 0.366578
4.536, 0.366578
4.537, 0.366578
4.538, 0.366578
4.539, 0.366577
4.54, 0.366577
4.541, 0.366577
4.542, 0.366577
4.543, 0.366577
4.544, 0.366576
4.545, 0.366576
4.546, 0.366576
4.547, 0.366576
4.548, 0.366576
4.549, 0.366576
4.55, 0.366575
4.551, 0.366575
4.552, 0.366575
4.553, 0.366575
4.554, 0.366575
4.555, 0.366575
4.556, 0.366574
4.557, 0.366574
4.558, 0.366574
4.559, 0.366574
4.56, 0.366574
4.561, 0.366573
4.562, 0.366573
4.563, 0.366573
4.564, 0.366573
4.565, 0.366573
4.566, 0.366573
4.567, 0.366572
4.568, 0.366572
4.569, 0.366572
4.57, 0.366572
4.571, 0.366572
4.572, 0.366572
4.573, 0.366571
4.574, 0.366571
4.575, 0.366571
4.576, 0.366571
4.577, 0.366571
4.578, 0.366571
4.579, 0.36657
4.58, 0.36657
4.581, 0.36657
4.582, 0.36657
4.583, 0.36657
4.584, 0.36657
4.585, 0.366569
4.586, 0.366569
4.587, 0.366569
4.588, 0.366569
4.589, 0.366569
4.59, 0.366569
4.591, 0.366568
4.592, 0.366568
4.593, 0.366568
4.594, 0.366568
4.595, 0.366568
4.596, 0.366568
4.597, 0.366567
4.598, 0.366567
4.599, 0.366567
4.6, 0.366567
4.601, 0.366567
4.602, 0.366567
4.603, 0.366566
4.604, 0.366566
4.605, 0.366566
4.606, 0.366566
4.607, 0.366566
4.608, 0.366566
4.609, 0.366565
4.61, 0.366565
4.611, 0.366565
4.612, 0.366565
4.613, 0.366565
4.614, 0.366565
4.615, 0.366564
4.616, 0.366564
4.617, 0.366564
4.618, 0.366564
4.619, 0.366564
4.62, 0.366564
4.621, 0.366564
4.622, 0.366563
4.623, 0.366563
4.624, 0.366563
4.625, 0.366563
4.626, 0.366563
4.627, 0.366563
4.628, 0.366562
4.629, 0.366562
4.63, 0.366562
4.631, 0.366562
4.632, 0.366562
4.633, 0.366562
4.634, 0.366562
4.635, 0.366561
4.636, 0.366561
4.637, 0.366561
4.638, 0.366561
4.639, 0.366561
4.64, 0.366561
4.641, 0.36656
4.642, 0.36656
4.643, 0.36656
4.644, 0.36656
4.645, 0.36656
4.646, 0.36656
4.647, 0.36656
4.648, 0.366559
4.649, 0.366559
4.65, 0.366559
4.651, 0.366559
4.652, 0.366559
4.653, 0.366559
4.654, 0.366558
4.655, 0.366558
4.656, 0.366558
4.657, 0.366558
4.658, 0.366558
4.659, 0.366558
4.66, 0.366558
4.661, 0.366557
4.662, 0.366557
4.663, 0.366557
4.664, 0.366557
4.665, 0.366557
4.666, 0.366557
4.667, 0.366557
4.668, 0.366556
4.669, 0.366556
4.67, 0.366556
4.671, 0.366556
4.672, 0.366556
4.673, 0.366556
4.674, 0.366556
4.675, 0.366555
4.676, 0.366555
4.677, 0.366555
4.678, 0.366555
4.679, 0.366555
4.68, 0.366555
4.681, 0.366555
4.682, 0.366554
4.683, 0.366554
4.684, 0.366554
4.685, 0.366554
4.686, 0.366554
4.687, 0.366554
4.688, 0.366554
4.689, 0.366553
4.69, 0.366553
4.691, 0.366553
4.692, 0.366553
4.693, 0.366553
4.694, 0.366553
4.695, 0.366553
4.696, 0.366552
4.697, 0.366552
4.698, 0.366552
4.699, 0.366552
4.7, 0.366552
4.701, 0.366552
4.702, 0.366552
4.703, 0.366552
4.704, 0.366551
4.705, 0.366551
4.706, 0.366551
4.707, 0.366551
4.708, 0.366551
4.709, 0.366551
4.71, 0.366551
4.711, 0.36655
4.712, 0.36655
4.713, 0.36655
4.714, 0.36655
4.715, 0.36655
4.716, 0.36655
4.717, 0.36655
4.718, 0.366549
4.719, 0.366549
4.72, 0.366549
4.721, 0.366549
4.722, 0.366549
4.723, 0.366549
4.724, 0.366549
4.725, 0.366549
4.726, 0.366548
4.727, 0.366548
4.728, 0.366548
4.729, 0.366548
4.73, 0.366548
4.731, 0.366548
4.732, 0.366548
4.733, 0.366548
4.734, 0.366547
4.735, 0.366547
4.736, 0.366547
4.737, 0.366547
4.738, 0.366547
4.739, 0.366547
4.74, 0.366547
4.741, 0.366546
4.742, 0.366546
4.743, 0.366546
4.744, 0.366546
4.745, 0.366546
4.746, 0.366546
4.747, 0.366546
4.748, 0.366546
4.749, 0.366545
4.75, 0.366545
4.751, 0.366545
4.752, 0.366545
4.753, 0.366545
4.754, 0.366545
4.755, 0.366545
4.756, 0.366545
4.757, 0.366544
4.758, 0.366544
4.759, 0.366544
4.76, 0.366544
4.761, 0.366544
4.762, 0.366544
4.763, 0.366544
4.764, 0.366544
4.765, 0.366543
4.766, 0.366543
4.767, 0.366543
4.768, 0.366543
4.769, 0.366543
4.77, 0.366543
4.771, 0.366543
4.772, 0.366543
4.773, 0.366543
4.774, 0.366542
4.775, 0.366542
4.776, 0.366542
4.777, 0.366542
4.778, 0.366542
4.779, 0.366542
4.78, 0.366542
4.781, 0.366542
4.782, 0.366541
4.783, 0.366541
4.784, 0.366541
4.785, 0.366541
4.786, 0.366541
4.787, 0.366541
4.788, 0.366541
4.789, 0.366541
4.79, 0.36654
4.791, 0.36654
4.792, 0.36654
4.793, 0.36654
4.794, 0.36654
4.795, 0.36654
4.796, 0.36654
4.797, 0.36654
4.798, 0.36654
4.799, 0.366539
4.8, 0.366539
4.801, 0.366539
4.802, 0.366539
4.803, 0.366539
4.804, 0.366539
4.805, 0.366539
4.806, 0.366539
4.807, 0.366539
4.808, 0.366538
4.809, 0.366538
4.81, 0.366538
4.811, 0.366538
4.812, 0.366538
4.813, 0.366538
4.814, 0.366538
4.815, 0.366538
4.816, 0.366538
4.817, 0.366537
4.818, 0.366537
4.819, 0.366537
4.82, 0.366537
4.821, 0.366537
4.822, 0.366537
4.823, 0.366537
4.824, 0.366537
4.825, 0.366537
4.826, 0.366536
4.827, 0.366536
4.828, 0.366536
4.829, 0.366536
4.83, 0.366536
4.831, 0.366536
4.832, 0.366536
4.833, 0.366536
4.834, 0.366536
4.835, 0.366535
4.836, 0.366535
4.837, 0.366535
4.838, 0.366535
4.839, 0.366535
4.84, 0.366535
4.841, 0.366535
4.842, 0.366535
4.843, 0.366535
4.844, 0.366534
4.845, 0.366534
4.846, 0.366534
4.847, 0.366534
4.848, 0.366534
4.849, 0.366534
4.85, 0.366534
4.851, 0.366534
4.852, 0.366534
4.853, 0.366533
4.854, 0.366533
4.855, 0.366533
4.856, 0.366533
4.857, 0.366533
4.858, 0.366533
4.859, 0.366533
4.86, 0.366533
4.861, 0.366533
4.862, 0.366533
4.863, 0.366532
4.864, 0.366532
4.865, 0.366532
4.866, 0.366532
4.867, 0.366532
4.868, 0.366532
4.869, 0.366532
4.87, 0.366532
4.871, 0.366532
4.872, 0.366532
4.873, 0.366531
4.874, 0.366531
4.875, 0.366531
4.876, 0.366531
4.877, 0.366531
4.878, 0.366531
4.879, 0.366531
4.88, 0.366531
4.881, 0.366531
4.882, 0.366531
4.883, 0.36653
4.884, 0.36653
4.885, 0.36653
4.886, 0.36653
4.887, 0.36653
4.888, 0.36653
4.889, 0.36653
4.89, 0.36653
4.891, 0.36653
4.892, 0.36653
4.893, 0.366529
4.894, 0.366529
4.895, 0.366529
4.896, 0.366529
4.897, 0.366529
4.898, 0.366529
4.899, 0.366529
4.9, 0.366529
4.901, 0.366529
4.902, 0.366529
4.903, 0.366528
4.904, 0.366528
4.905, 0.366528
4.906, 0.366528
4.907, 0.366528
4.908, 0.366528
4.909, 0.366528
4.91, 0.366528
4.911, 0.366528
4.912, 0.366528
4.913, 0.366527
4.914, 0.366527
4.915, 0.366527
4.916, 0.366527
4.917, 0.366527
4.918, 0.366527
4.919, 0.366527
4.92, 0.366527
4.921, 0.366527
4.922, 0.366527
4.923, 0.366527
4.924, 0.366526
4.925, 0.366526
4.926, 0.366526
4.927, 0.366526
4.928, 0.366526
4.929, 0.366526
4.93, 0.366526
4.931, 0.366526
4.932, 0.366526
4.933, 0.366526
4.934, 0.366526
4.935, 0.366525
4.936, 0.366525
4.937, 0.366525
4.938, 0.366525
4.939, 0.366525
4.94, 0.366525
4.941, 0.366525
4.942, 0.366525
4.943, 0.366525
4.944, 0.366525
4.945, 0.366525
4.946, 0.366524
4.947, 0.366524
4.948, 0.366524
4.949, 0.366524
4.95, 0.366524
4.951, 0.366524
4.952, 0.366524
4.953, 0.366524
4.954, 0.366524
4.955, 0.366524
4.956, 0.366524
4.957, 0.366523
4.958, 0.366523
4.959, 0.366523
4.96, 0.366523
4.961, 0.366523
4.962, 0.366523
4.963, 0.366523
4.964, 0.366523
4.965, 0.366523
4.966, 0.366523
4.967, 0.366523
4.968, 0.366523
4.969, 0.366522
4.97, 0.366522
4.971, 0.366522
4.972, 0.366522
4.973, 0.366522
4.974, 0.366522
4.975, 0.366522
4.976, 0.366522
4.977, 0.366522
4.978, 0.366522
4.979, 0.366522
4.98, 0.366521
4.981, 0.366521
4.982, 0.366521
4.983, 0.366521
4.984, 0.366521
4.985, 0.366521
4.986, 0.366521
4.987, 0.366521
4.988, 0.366521
4.989, 0.366521
4.99, 0.366521
4.991, 0.366521
4.992, 0.36652
4.993, 0.36652
4.994, 0.36652
4.995, 0.36652
4.996, 0.36652
4.997, 0.36652
4.998, 0.36652
4.999, 0.36652
5, 0.36652
5.001, 0.36652
5.002, 0.36652
5.003, 0.36652
5.004, 0.36652
5.005, 0.366519
5.006, 0.366519
5.007, 0.366519
5.008, 0.366519
5.009, 0.366519
5.01, 0.366519
5.011, 0.366519
5.012, 0.366519
5.013, 0.366519
5.014, 0.366519
5.015, 0.366519
5.016, 0.366519
5.017, 0.366518
5.018, 0.366518
5.019, 0.366518
5.02, 0.366518
5.021, 0.366518
5.022, 0.366518
5.023, 0.366518
5.024, 0.366518
5.025, 0.366518
5.026, 0.366518
5.027, 0.366518
5.028, 0.366518
5.029, 0.366518
5.03, 0.366517
5.031, 0.366517
5.032, 0.366517
5.033, 0.366517
5.034, 0.366517
5.035, 0.366517
5.036, 0.366517
5.037, 0.366517
5.038, 0.366517
5.039, 0.366517
5.04, 0.366517
5.041, 0.366517
5.042, 0.366517
5.043, 0.366516
5.044, 0.366516
5.045, 0.366516
5.046, 0.366516
5.047, 0.366516
5.048, 0.366516
5.049, 0.366516
5.05, 0.366516
5.051, 0.366516
5.052, 0.366516
5.053, 0.366516
5.054, 0.366516
5.055, 0.366516
5.056, 0.366515
5.057, 0.366515
5.058, 0.366515
5.059, 0.366515
5.06, 0.366515
5.061, 0.366515
5.062, 0.366515
5.063, 0.366515
5.064, 0.366515
5.065, 0.366515
5.066, 0.366515
5.067, 0.366515
5.068, 0.366515
5.069, 0.366515
5.07, 0.366514
5.071, 0.366514
5.072, 0.366514
5.073, 0.366514
5.074, 0.366514
5.075, 0.366514
5.076, 0.366514
5.077, 0.366514
5.078, 0.366514
5.079, 0.366514
5.08, 0.366514
5.081, 0.366514
5.082, 0.366514
5.083, 0.366514
5.084, 0.366513
5.085, 0.366513
5.086, 0.366513
5.087, 0.366513
5.088, 0.366513
5.089, 0.366513
5.09, 0.366513
5.091, 0.366513
5.092, 0.366513
5.093, 0.366513
5.094, 0.366513
5.095, 0.366513
5.096, 0.366513
5.097, 0.366513
5.098, 0.366512
5.099, 0.366512
5.1, 0.366512
5.101, 0.366512
5.102, 0.366512
5.103, 0.366512
5.104, 0.366512
5.105, 0.366512
5.106, 0.366512
5.107, 0.366512
5.108, 0.366512
5.109, 0.366512
5.11, 0.366512
5.111, 0.366512
5.112, 0.366512
5.113, 0.366511
5.114, 0.366511
5.115, 0.366511
5.116, 0.366511
5.117, 0.366511
5.118, 0.366511
5.119, 0.366511
5.12, 0.366511
5.121, 0.366511
5.122, 0.366511
5.123, 0.366511
5.124, 0.366511
5.125, 0.366511
5.126, 0.366511
5.127, 0.366511
5.128, 0.36651
5.129, 0.36651
5.13, 0.36651
5.131, 0.36651
5.132, 0.36651
5.133, 0.36651
5.134, 0.36651
5.135, 0.36651
5.136, 0.36651
5.137, 0.36651
5.138, 0.36651
5.139, 0.36651
5.14, 0.36651
5.141, 0.36651
5.142, 0.36651
5.143, 0.36651
5.144, 0.366509
5.145, 0.366509
5.146, 0.366509
5.147, 0.366509
5.148, 0.366509
5.149, 0.366509
5.15, 0.366509
5.151, 0.366509
5.152, 0.366509
5.153, 0.366509
5.154, 0.366509
5.155, 0.366509
5.156, 0.366509
5.157, 0.366509
5.158, 0.366509
5.159, 0.366509
5.16, 0.366508
5.161, 0.366508
5.162, 0.366508
5.163, 0.366508
5.164, 0.366508
5.165, 0.366508
5.166, 0.366508
5.167, 0.366508
5.168, 0.366508
5.169, 0.366508
5.17, 0.366508
5.171, 0.366508
5.172, 0.366508
5.173, 0.366508
5.174, 0.366508
5.175, 0.366508
5.176, 0.366507
5.177, 0.366507
5.178, 0.366507
5.179, 0.366507
5.18, 0.366507
5.181, 0.366507
5.182, 0.366507
5.183, 0.366507
5.184, 0.366507
5.185, 0.366507
5.186, 0.366507
5.187, 0.366507
5.188, 0.366507
5.189, 0.366507
5.19, 0.366507
5.191, 0.366507
5.192, 0.366507
5.193, 0.366506
5.194, 0.366506
5.195, 0.366506
5.196, 0.366506
5.197, 0.366506
5.198, 0.366506
5.199, 0.366506
5.2, 0.366506
5.201, 0.366506
5.202, 0.366506
5.203, 0.366506
5.204, 0.366506
5.205, 0.366506
5.206, 0.366506
5.207, 0.366506
5.208, 0.366506
5.209, 0.366506
5.21, 0.366505
5.211, 0.366505
5.212, 0.366505
5.213, 0.366505
5.214, 0.366505
5.215, 0.366505
5.216, 0.366505
5.217, 0.366505
5.218, 0.366505
5.219, 0.366505
5.22, 0.366505
5.221, 0.366505
5.222, 0.366505
5.223, 0.366505
5.224, 0.366505
5.225, 0.366505
5.226, 0.366505
5.227, 0.366505
5.228, 0.366504
5.229, 0.366504
5.23, 0.366504
5.231, 0.366504
5.232, 0.366504
5.233, 0.366504
5.234, 0.366504
5.235, 0.366504
5.236, 0.366504
5.237, 0.366504
5.238, 0.366504
5.239, 0.366504
5.24, 0.366504
5.241, 0.366504
5.242, 0.366504
5.243, 0.366504
5.244, 0.366504
5.245, 0.366504
5.246, 0.366504
5.247, 0.366503
5.248, 0.366503
5.249, 0.366503
5.25, 0.366503
5.251, 0.366503
5.252, 0.366503
5.253, 0.366503
5.254, 0.366503
5.255, 0.366503
5.256, 0.366503
5.257, 0.366503
5.258, 0.366503
5.259, 0.366503
5.26, 0.366503
5.261, 0.366503
5.262, 0.366503
5.263, 0.366503
5.264, 0.366503
5.265, 0.366503
5.266, 0.366502
5.267, 0.366502
5.268, 0.366502
5.269, 0.366502
5.27, 0.366502
5.271, 0.366502
5.272, 0.366502
5.273, 0.366502
5.274, 0.366502
5.275, 0.366502
5.276, 0.366502
5.277, 0.366502
5.278, 0.366502
5.279, 0.366502
5.28, 0.366502
5.281, 0.366502
5.282, 0.366502
5.283, 0.366502
5.284, 0.366502
5.285, 0.366501
5.286, 0.366501
5.287, 0.366501
5.288, 0.366501
5.289, 0.366501
5.29, 0.366501
5.291, 0.366501
5.292, 0.366501
5.293, 0.366501
5.294, 0.366501
5.295, 0.366501
5.296, 0.366501
5.297, 0.366501
5.298, 0.366501
5.299, 0.366501
5.3, 0.366501
5.301, 0.366501
5.302, 0.366501
5.303, 0.366501
5.304, 0.366501
5.305, 0.366501
5.306, 0.3665
5.307, 0.3665
5.308, 0.3665
5.309, 0.3665
5.31, 0.3665
5.311, 0.3665
5.312, 0.3665
5.313, 0.3665
5.314, 0.3665
5.315, 0.3665
5.316, 0.3665
5.317, 0.3665
5.318, 0.3665
5.319, 0.3665
5.32, 0.3665
5.321, 0.3665
5.322, 0.3665
5.323, 0.3665
5.324, 0.3665
5.325, 0.3665
5.326, 0.3665
5.327, 0.366499
5.328, 0.366499
5.329, 0.366499
5.33, 0.366499
5.331, 0.366499
5.332, 0.366499
5.333, 0.366499
5.334, 0.366499
5.335, 0.366499
5.336, 0.366499
5.337, 0.366499
5.338, 0.366499
5.339, 0.366499
5.34, 0.366499
5.341, 0.366499
5.342, 0.366499
5.343, 0.366499
5.344, 0.366499
5.345, 0.366499
5.346, 0.366499
5.347, 0.366499
5.348, 0.366499
5.349, 0.366498
5.35, 0.366498
5.351, 0.366498
5.352, 0.366498
5.353, 0.366498
5.354, 0.366498
5.355, 0.366498
5.356, 0.366498
5.357, 0.366498
5.358, 0.366498
5.359, 0.366498
5.36, 0.366498
5.361, 0.366498
5.362, 0.366498
5.363, 0.366498
5.364, 0.366498
5.365, 0.366498
5.366, 0.366498
5.367, 0.366498
5.368, 0.366498
5.369, 0.366498
5.37, 0.366498
5.371, 0.366498
5.372, 0.366497
5.373, 0.366497
5.374, 0.366497
5.375, 0.366497
5.376, 0.366497
5.377, 0.366497
5.378, 0.366497
5.379, 0.366497
5.38, 0.366497
5.381, 0.366497
5.382, 0.366497
5.383, 0.366497
5.384, 0.366497
5.385, 0.366497
5.386, 0.366497
5.387, 0.366497
5.388, 0.366497
5.389, 0.366497
5.39, 0.366497
5.391, 0.366497
5.392, 0.366497
5.393, 0.366497
5.394, 0.366497
5.395, 0.366497
5.396, 0.366496
5.397, 0.366496
5.398, 0.366496
5.399, 0.366496
5.4, 0.366496
5.401, 0.366496
5.402, 0.366496
5.403, 0.366496
5.404, 0.366496
5.405, 0.366496
5.406, 0.366496
5.407, 0.366496
5.408, 0.366496
5.409, 0.366496
5.41, 0.366496
5.411, 0.366496
5.412, 0.366496
5.413, 0.366496
5.414, 0.366496
5.415, 0.366496
5.416, 0.366496
5.417, 0.366496
5.418, 0.366496
5.419, 0.366496
5.42, 0.366496
5.421, 0.366495
5.422, 0.366495
5.423, 0.366495
5.424, 0.366495
5.425, 0.366495
5.426, 0.366495
5.427, 0.366495
5.428, 0.366495
5.429, 0.366495
5.43, 0.366495
5.431, 0.366495
5.432, 0.366495
5.433, 0.366495
5.434, 0.366495
5.435, 0.366495
5.436, 0.366495
5.437, 0.366495
5.438, 0.366495
5.439, 0.366495
5.44, 0.366495
5.441, 0.366495
5.442, 0.366495
5.443, 0.366495
5.444, 0.366495
5.445, 0.366495
5.446, 0.366495
5.447, 0.366494
5.448, 0.366494
5.449, 0.366494
5.45, 0.366494
5.451, 0.366494
5.452, 0.366494
5.453, 0.366494
5.454, 0.366494
5.455, 0.366494
5.456, 0.366494
5.457, 0.366494
5.458, 0.366494
5.459, 0.366494
5.46, 0.366494
5.461, 0.366494
5.462, 0.366494
5.463, 0.366494
5.464, 0.366494
5.465, 0.366494
5.466, 0.366494
5.467, 0.366494
5.468, 0.366494
5.469, 0.366494
5.47, 0.366494
5.471, 0.366494
5.472, 0.366494
5.473, 0.366494
5.474, 0.366493
5.475, 0.366493
5.476, 0.366493
5.477, 0.366493
5.478, 0.366493
5.479, 0.366493
5.48, 0.366493
5.481, 0.366493
5.482, 0.366493
5.483, 0.366493
5.484, 0.366493
5.485, 0.366493
5.486, 0.366493
5.487, 0.366493
5.488, 0.366493
5.489, 0.366493
5.49, 0.366493
5.491, 0.366493
5.492, 0.366493
5.493, 0.366493
5.494, 0.366493
5.495, 0.366493
5.496, 0.366493
5.497, 0.366493
5.498, 0.366493
5.499, 0.366493
5.5, 0.366493
5.501, 0.366493
5.502, 0.366492
5.503, 0.366492
5.504, 0.366492
5.505, 0.366492
5.506, 0.366492
5.507, 0.366492
5.508, 0.366492
5.509, 0.366492
5.51, 0.366492
5.511, 0.366492
5.512, 0.366492
5.513, 0.366492
5.514, 0.366492
5.515, 0.366492
5.516, 0.366492
5.517, 0.366492
5.518, 0.366492
5.519, 0.366492
5.52, 0.366492
5.521, 0.366492
5.522, 0.366492
5.523, 0.366492
5.524, 0.366492
5.525, 0.366492
5.526, 0.366492
5.527, 0.366492
5.528, 0.366492
5.529, 0.366492
5.53, 0.366492
5.531, 0.366492
5.532, 0.366491
5.533, 0.366491
5.534, 0.366491
5.535, 0.366491
5.536, 0.366491
5.537, 0.366491
5.538, 0.366491
5.539, 0.366491
5.54, 0.366491
5.541, 0.366491
5.542, 0.366491
5.543, 0.366491
5.544, 0.366491
5.545, 0.366491
5.546, 0.366491
5.547, 0.366491
5.548, 0.366491
5.549, 0.366491
5.55, 0.366491
5.551, 0.366491
5.552, 0.366491
5.553, 0.366491
5.554, 0.366491
5.555, 0.366491
5.556, 0.366491
5.557, 0.366491
5.558, 0.366491
5.559, 0.366491
5.56, 0.366491
5.561, 0.366491
5.562, 0.366491
5.563, 0.366491
5.564, 0.36649
5.565, 0.36649
5.566, 0.36649
5.567, 0.36649
5.568, 0.36649
5.569, 0.36649
5.57, 0.36649
5.571, 0.36649
5.572, 0.36649
5.573, 0.36649
5.574, 0.36649
5.575, 0.36649
5.576, 0.36649
5.577, 0.36649
5.578, 0.36649
5.579, 0.36649
5.58, 0.36649
5.581, 0.36649
5.582, 0.36649
5.583, 0.36649
5.584, 0.36649
5.585, 0.36649
5.586, 0.36649
5.587, 0.36649
5.588, 0.36649
5.589, 0.36649
5.59, 0.36649
5.591, 0.36649
5.592, 0.36649
5.593, 0.36649
5.594, 0.36649
5.595, 0.36649
5.596, 0.36649
5.597, 0.36649
5.598, 0.366489
5.599, 0.366489
5.6, 0.366489
5.601, 0.366489
5.602, 0.366489
5.603, 0.366489
5.604, 0.366489
5.605, 0.366489
5.606, 0.366489
5.607, 0.366489
5.608, 0.366489
5.609, 0.366489
5.61, 0.366489
5.611, 0.366489
5.612, 0.366489
5.613, 0.366489
5.614, 0.366489
5.615, 0.366489
5.616, 0.366489
5.617, 0.366489
5.618, 0.366489
5.619, 0.366489
5.62, 0.366489
5.621, 0.366489
5.622, 0.366489
5.623, 0.366489
5.624, 0.366489
5.625, 0.366489
5.626, 0.366489
5.627, 0.366489
5.628, 0.366489
5.629, 0.366489
5.63, 0.366489
5.631, 0.366489
5.632, 0.366489
5.633, 0.366488
5.634, 0.366488
5.635, 0.366488
5.636, 0.366488
5.637, 0.366488
5.638, 0.366488
5.639, 0.366488
5.64, 0.366488
5.641, 0.366488
5.642, 0.366488
5.643, 0.366488
5.644, 0.366488
5.645, 0.366488
5.646, 0.366488
5.647, 0.366488
5.648, 0.366488
5.649, 0.366488
5.65, 0.366488
5.651, 0.366488
5.652, 0.366488
5.653, 0.366488
5.654, 0.366488
5.655, 0.366488
5.656, 0.366488
5.657, 0.366488
5.658, 0.366488
5.659, 0.366488
5.66, 0.366488
5.661, 0.366488
5.662, 0.366488
5.663, 0.366488
5.664, 0.366488
5.665, 0.366488
5.666, 0.366488
5.667, 0.366488
5.668, 0.366488
5.669, 0.366488
5.67, 0.366488
5.671, 0.366487
5.672, 0.366487
5.673, 0.366487
5.674, 0.366487
5.675, 0.366487
5.676, 0.366487
5.677, 0.366487
5.678, 0.366487
5.679, 0.366487
5.68, 0.366487
5.681, 0.366487
5.682, 0.366487
5.683, 0.366487
5.684, 0.366487
5.685, 0.366487
5.686, 0.366487
5.687, 0.366487
5.688, 0.366487
5.689, 0.366487
5.69, 0.366487
5.691, 0.366487
5.692, 0.366487
5.693, 0.366487
5.694, 0.366487
5.695, 0.366487
5.696, 0.366487
5.697, 0.366487
5.698, 0.366487
5.699, 0.366487
5.7, 0.366487
5.701, 0.366487
5.702, 0.366487
5.703, 0.366487
5.704, 0.366487
5.705, 0.366487
5.706, 0.366487
5.707, 0.366487
5.708, 0.366487
5.709, 0.366487
5.71, 0.366487
5.711, 0.366487
5.712, 0.366486
5.713, 0.366486
5.714, 0.366486
5.715, 0.366486
5.716, 0.366486
5.717, 0.366486
5.718, 0.366486
5.719, 0.366486
5.72, 0.366486
5.721, 0.366486
5.722, 0.366486
5.723, 0.366486
5.724, 0.366486
5.725, 0.366486
5.726, 0.366486
5.727, 0.366486
5.728, 0.366486
5.729, 0.366486
5.73, 0.366486
5.731, 0.366486
5.732, 0.366486
5.733, 0.366486
5.734, 0.366486
5.735, 0.366486
5.736, 0.366486
5.737, 0.366486
5.738, 0.366486
5.739, 0.366486
5.74, 0.366486
5.741, 0.366486
5.742, 0.366486
5.743, 0.366486
5.744, 0.366486
5.745, 0.366486
5.746, 0.366486
5.747, 0.366486
5.748, 0.366486
5.749, 0.366486
5.75, 0.366486
5.751, 0.366486
5.752, 0.366486
5.753, 0.366486
5.754, 0.366486
5.755, 0.366485
5.756, 0.366485
5.757, 0.366485
5.758, 0.366485
5.759, 0.366485
5.76, 0.366485
5.761, 0.366485
5.762, 0.366485
5.763, 0.366485
5.764, 0.366485
5.765, 0.366485
5.766, 0.366485
5.767, 0.366485
5.768, 0.366485
5.769, 0.366485
5.77, 0.366485
5.771, 0.366485
5.772, 0.366485
5.773, 0.366485
5.774, 0.366485
5.775, 0.366485
5.776, 0.366485
5.777, 0.366485
5.778, 0.366485
5.779, 0.366485
5.78, 0.366485
5.781, 0.366485
5.782, 0.366485
5.783, 0.366485
5.784, 0.366485
5.785, 0.366485
5.786, 0.366485
5.787, 0.366485
5.788, 0.366485
5.789, 0.366485
5.79, 0.366485
5.791, 0.366485
5.792, 0.366485
5.793, 0.366485
5.794, 0.366485
5.795, 0.366485
5.796, 0.366485
5.797, 0.366485
5.798, 0.366485
5.799, 0.366485
5.8, 0.366485
5.801, 0.366485
5.802, 0.366485
5.803, 0.366484
5.804, 0.366484
5.805, 0.366484
5.806, 0.366484
5.807, 0.366484
5.808, 0.366484
5.809, 0.366484
5.81, 0.366484
5.811, 0.366484
5.812, 0.366484
5.813, 0.366484
5.814, 0.366484
5.815, 0.366484
5.816, 0.366484
5.817, 0.366484
5.818, 0.366484
5.819, 0.366484
5.82, 0.366484
5.821, 0.366484
5.822, 0.366484
5.823, 0.366484
5.824, 0.366484
5.825, 0.366484
5.826, 0.366484
5.827, 0.366484
5.828, 0.366484
5.829, 0.366484
5.83, 0.366484
5.831, 0.366484
5.832, 0.366484
5.833, 0.366484
5.834, 0.366484
5.835, 0.366484
5.836, 0.366484
5.837, 0.366484
5.838, 0.366484
5.839, 0.366484
5.84, 0.366484
5.841, 0.366484
5.842, 0.366484
5.843, 0.366484
5.844, 0.366484
5.845, 0.366484
5.846, 0.366484
5.847, 0.366484
5.848, 0.366484
5.849, 0.366484
5.85, 0.366484
5.851, 0.366484
5.852, 0.366484
5.853, 0.366484
5.854, 0.366483
5.855, 0.366483
5.856, 0.366483
5.857, 0.366483
5.858, 0.366483
5.859, 0.366483
5.86, 0.366483
5.861, 0.366483
5.862, 0.366483
5.863, 0.366483
5.864, 0.366483
5.865, 0.366483
5.866, 0.366483
5.867, 0.366483
5.868, 0.366483
5.869, 0.366483
5.87, 0.366483
5.871, 0.366483
5.872, 0.366483
5.873, 0.366483
5.874, 0.366483
5.875, 0.366483
5.876, 0.366483
5.877, 0.366483
5.878, 0.366483
5.879, 0.366483
5.88, 0.366483
5.881, 0.366483
5.882, 0.366483
5.883, 0.366483
5.884, 0.366483
5.885, 0.366483
5.886, 0.366483
5.887, 0.366483
5.888, 0.366483
5.889, 0.366483
5.89, 0.366483
5.891, 0.366483
5.892, 0.366483
5.893, 0.366483
5.894, 0.366483
5.895, 0.366483
5.896, 0.366483
5.897, 0.366483
5.898, 0.366483
5.899, 0.366483
5.9, 0.366483
5.901, 0.366483
5.902, 0.366483
5.903, 0.366483
5.904, 0.366483
5.905, 0.366483
5.906, 0.366483
5.907, 0.366483
5.908, 0.366483
5.909, 0.366483
5.91, 0.366483
5.911, 0.366482
5.912, 0.366482
5.913, 0.366482
5.914, 0.366482
5.915, 0.366482
5.916, 0.366482
5.917, 0.366482
5.918, 0.366482
5.919, 0.366482
5.92, 0.366482
5.921, 0.366482
5.922, 0.366482
5.923, 0.366482
5.924, 0.366482
5.925, 0.366482
5.926, 0.366482
5.927, 0.366482
5.928, 0.366482
5.929, 0.366482
5.93, 0.366482
5.931, 0.366482
5.932, 0.366482
5.933, 0.366482
5.934, 0.366482
5.935, 0.366482
5.936, 0.366482
5.937, 0.366482
5.938, 0.366482
5.939, 0.366482
5.94, 0.366482
5.941, 0.366482
5.942, 0.366482
5.943, 0.366482
5.944, 0.366482
5.945, 0.366482
5.946, 0.366482
5.947, 0.366482
5.948, 0.366482
5.949, 0.366482
5.95, 0.366482
5.951, 0.366482
5.952, 0.366482
5.953, 0.366482
5.954, 0.366482
5.955, 0.366482
5.956, 0.366482
5.957, 0.366482
5.958, 0.366482
5.959, 0.366482
5.96, 0.366482
5.961, 0.366482
5.962, 0.366482
5.963, 0.366482
5.964, 0.366482
5.965, 0.366482
5.966, 0.366482
5.967, 0.366482
5.968, 0.366482
5.969, 0.366482
5.97, 0.366482
5.971, 0.366482
5.972, 0.366482
5.973, 0.366481
5.974, 0.366481
5.975, 0.366481
5.976, 0.366481
5.977, 0.366481
5.978, 0.366481
5.979, 0.366481
5.98, 0.366481
5.981, 0.366481
5.982, 0.366481
5.983, 0.366481
5.984, 0.366481
5.985, 0.366481
5.986, 0.366481
5.987, 0.366481
5.988, 0.366481
5.989, 0.366481
5.99, 0.366481
5.991, 0.366481
5.992, 0.366481
5.993, 0.366481
5.994, 0.366481
5.995, 0.366481
5.996, 0.366481
5.997, 0.366481
5.998, 0.366481
5.999, 0.366481
6, 0.366481
